
    0.010000,     5.960000,    -3.990556

    0.020000,     5.920094,    -3.971677

    0.030000,     5.880378,    -3.943386

    0.040000,     5.840944,    -3.905713

    0.050000,     5.801887,    -3.858700

    0.060000,     5.763300,    -3.802400

    0.070000,     5.725276,    -3.736875

    0.080000,     5.687907,    -3.662198

    0.090000,     5.651285,    -3.578452

    0.100000,     5.615500,    -3.485730

    0.110000,     5.580643,    -3.384135

    0.120000,     5.546802,    -3.273779

    0.130000,     5.514064,    -3.154787

    0.140000,     5.482516,    -3.027288

    0.150000,     5.452243,    -2.891426

    0.160000,     5.423329,    -2.747352

    0.170000,     5.395855,    -2.595225

    0.180000,     5.369903,    -2.435214

    0.190000,     5.345551,    -2.267497

    0.200000,     5.322876,    -2.092261

    0.210000,     5.301953,    -1.909701

    0.220000,     5.282856,    -1.720018

    0.230000,     5.265656,    -1.523424

    0.240000,     5.250422,    -1.320138

    0.250000,     5.237221,    -1.110385

    0.260000,     5.226117,    -0.894398

    0.270000,     5.217173,    -0.672417

    0.280000,     5.210449,    -0.444689

    0.290000,     5.206002,    -0.211467

    0.300000,     5.203887,     0.026990

    0.310000,     5.204157,     0.270417

    0.320000,     5.206861,     0.518544

    0.330000,     5.212047,     0.771094

    0.340000,     5.219758,     1.027788

    0.350000,     5.230035,     1.288339

    0.360000,     5.242919,     1.552459

    0.370000,     5.258443,     1.819855

    0.380000,     5.276642,     2.090228

    0.390000,     5.297544,     2.363278

    0.400000,     5.321177,     2.638703

    0.410000,     5.347564,     2.916196

    0.420000,     5.376726,     3.195449

    0.430000,     5.408680,     3.476151

    0.440000,     5.443442,     3.757991

    0.450000,     5.481022,     4.040655

    0.460000,     5.521428,     4.323829

    0.470000,     5.564667,     4.607200

    0.480000,     5.610739,     4.890451

    0.490000,     5.659643,     5.173268

    0.500000,     5.711376,     5.455338

    0.510000,     5.765929,     5.736346

    0.520000,     5.823293,     6.015980

    0.530000,     5.883453,     6.293929

    0.540000,     5.946392,     6.569886

    0.550000,     6.012091,     6.843543

    0.560000,     6.080526,     7.114595

    0.570000,     6.151672,     7.382743

    0.580000,     6.225500,     7.647687

    0.590000,     6.301976,     7.909134

    0.600000,     6.381068,     8.166793

    0.610000,     6.462736,     8.420378

    0.620000,     6.546939,     8.669607

    0.630000,     6.633636,     8.914203

    0.640000,     6.722778,     9.153895

    0.650000,     6.814317,     9.388415

    0.660000,     6.908201,     9.617504

    0.670000,     7.004376,     9.840907

    0.680000,     7.102785,    10.058375

    0.690000,     7.203369,    10.269667

    0.700000,     7.306065,    10.474549

    0.710000,     7.410811,    10.672792

    0.720000,     7.517539,    10.864177

    0.730000,     7.626180,    11.048490

    0.740000,     7.736665,    11.225527

    0.750000,     7.848921,    11.395092

    0.760000,     7.962871,    11.556995

    0.770000,     8.078441,    11.711057

    0.780000,     8.195552,    11.857107

    0.790000,     8.314123,    11.994982

    0.800000,     8.434073,    12.124529

    0.810000,     8.555318,    12.245605

    0.820000,     8.677774,    12.358075

    0.830000,     8.801355,    12.461813

    0.840000,     8.925973,    12.556705

    0.850000,     9.051540,    12.642645

    0.860000,     9.177967,    12.719538

    0.870000,     9.305162,    12.787297

    0.880000,     9.433035,    12.845849

    0.890000,     9.561493,    12.895127

    0.900000,     9.690445,    12.935078

    0.910000,     9.819795,    12.965656

    0.920000,     9.949452,    12.986828

    0.930000,    10.079320,    12.998571

    0.940000,    10.209306,    13.000870

    0.950000,    10.339315,    12.993724

    0.960000,    10.469252,    12.977140

    0.970000,    10.599023,    12.951138

    0.980000,    10.728535,    12.915745

    0.990000,    10.857692,    12.871001

    1.000000,    10.986402,    12.816957

    1.010000,    11.114572,    12.753671

    1.020000,    11.242108,    12.681214

    1.030000,    11.368921,    12.599668

    1.040000,    11.494917,    12.509121

    1.050000,    11.620009,    12.409676

    1.060000,    11.744105,    12.301442

    1.070000,    11.867120,    12.184540

    1.080000,    11.988965,    12.059099

    1.090000,    12.109556,    11.925260

    1.100000,    12.228809,    11.783170

    1.110000,    12.346640,    11.632987

    1.120000,    12.462970,    11.474880

    1.130000,    12.577719,    11.309022

    1.140000,    12.690809,    11.135599

    1.150000,    12.802165,    10.954803

    1.160000,    12.911713,    10.766834

    1.170000,    13.019382,    10.571903

    1.180000,    13.125101,    10.370225

    1.190000,    13.228803,    10.162025

    1.200000,    13.330423,     9.947534

    1.210000,    13.429899,     9.726989

    1.220000,    13.527168,     9.500637

    1.230000,    13.622175,     9.268729

    1.240000,    13.714862,     9.031522

    1.250000,    13.805177,     8.789280

    1.260000,    13.893070,     8.542272

    1.270000,    13.978493,     8.290773

    1.280000,    14.061401,     8.035062

    1.290000,    14.141751,     7.775423

    1.300000,    14.219505,     7.512145

    1.310000,    14.294627,     7.245519

    1.320000,    14.367082,     6.975844

    1.330000,    14.436840,     6.703417

    1.340000,    14.503875,     6.428542

    1.350000,    14.568160,     6.151524

    1.360000,    14.629675,     5.872671

    1.370000,    14.688402,     5.592293

    1.380000,    14.744325,     5.310702

    1.390000,    14.797432,     5.028209

    1.400000,    14.847714,     4.745130

    1.410000,    14.895165,     4.461778

    1.420000,    14.939783,     4.178469

    1.430000,    14.981568,     3.895517

    1.440000,    15.020523,     3.613237

    1.450000,    15.056655,     3.331942

    1.460000,    15.089975,     3.051944

    1.470000,    15.120494,     2.773556

    1.480000,    15.148230,     2.497086

    1.490000,    15.173201,     2.222842

    1.500000,    15.195429,     1.951127

    1.510000,    15.214940,     1.682245

    1.520000,    15.231763,     1.416494

    1.530000,    15.245928,     1.154168

    1.540000,    15.257469,     0.895561

    1.550000,    15.266425,     0.640958

    1.560000,    15.272835,     0.390643

    1.570000,    15.276741,     0.144894

    1.580000,    15.278190,    -0.096016

    1.590000,    15.277230,    -0.331819

    1.600000,    15.273912,    -0.562254

    1.610000,    15.268289,    -0.787064

    1.620000,    15.260418,    -1.005999

    1.630000,    15.250358,    -1.218817

    1.640000,    15.238170,    -1.425280

    1.650000,    15.223917,    -1.625160

    1.660000,    15.207666,    -1.818234

    1.670000,    15.189483,    -2.004288

    1.680000,    15.169441,    -2.183114

    1.690000,    15.147609,    -2.354515

    1.700000,    15.124064,    -2.518300

    1.710000,    15.098881,    -2.674287

    1.720000,    15.072138,    -2.822303

    1.730000,    15.043915,    -2.962182

    1.740000,    15.014294,    -3.093770

    1.750000,    14.983356,    -3.216921

    1.760000,    14.951187,    -3.331497

    1.770000,    14.917872,    -3.437372

    1.780000,    14.883498,    -3.534427

    1.790000,    14.848154,    -3.622555

    1.800000,    14.811928,    -3.701659

    1.810000,    14.774912,    -3.771649

    1.820000,    14.737195,    -3.832448

    1.830000,    14.698871,    -3.883989

    1.840000,    14.660031,    -3.926215

    1.850000,    14.620769,    -3.959078

    1.860000,    14.581178,    -3.982542

    1.870000,    14.541352,    -3.996581

    1.880000,    14.501387,    -4.001180

    1.890000,    14.461375,    -3.996333

    1.900000,    14.421411,    -3.982045

    1.910000,    14.381591,    -3.958333

    1.920000,    14.342008,    -3.925223

    1.930000,    14.302755,    -3.882751

    1.940000,    14.263928,    -3.830965

    1.950000,    14.225618,    -3.769923

    1.960000,    14.187919,    -3.699692

    1.970000,    14.150922,    -3.620350

    1.980000,    14.114719,    -3.531985

    1.990000,    14.079399,    -3.434696

    2.000000,    14.045052,    -3.328591

    2.010000,    14.011766,    -3.213787

    2.020000,    13.979628,    -3.090412

    2.030000,    13.948724,    -2.958604

    2.040000,    13.919138,    -2.818508

    2.050000,    13.890953,    -2.670281

    2.060000,    13.864250,    -2.514086

    2.070000,    13.839109,    -2.350098

    2.080000,    13.815608,    -2.178499

    2.090000,    13.793823,    -1.999479

    2.100000,    13.773828,    -1.813238

    2.110000,    13.755696,    -1.619982

    2.120000,    13.739496,    -1.419926

    2.130000,    13.725297,    -1.213293

    2.140000,    13.713164,    -1.000311

    2.150000,    13.703161,    -0.781218

    2.160000,    13.695349,    -0.556256

    2.170000,    13.689786,    -0.325677

    2.180000,    13.686529,    -0.089736

    2.190000,    13.685632,     0.151305

    2.200000,    13.687145,     0.397178

    2.210000,    13.691117,     0.647609

    2.220000,    13.697593,     0.902321

    2.230000,    13.706616,     1.161031

    2.240000,    13.718226,     1.423450

    2.250000,    13.732461,     1.689288

    2.260000,    13.749354,     1.958248

    2.270000,    13.768936,     2.230033

    2.280000,    13.791237,     2.504340

    2.290000,    13.816280,     2.780865

    2.300000,    13.844089,     3.059299

    2.310000,    13.874682,     3.339335

    2.320000,    13.908075,     3.620660

    2.330000,    13.944282,     3.902962

    2.340000,    13.983311,     4.185927

    2.350000,    14.025170,     4.469241

    2.360000,    14.069863,     4.752590

    2.370000,    14.117389,     5.035658

    2.380000,    14.167745,     5.318131

    2.390000,    14.220927,     5.599694

    2.400000,    14.276924,     5.880036

    2.410000,    14.335724,     6.158845

    2.420000,    14.397312,     6.435810

    2.430000,    14.461671,     6.710624

    2.440000,    14.528777,     6.982982

    2.450000,    14.598607,     7.252582

    2.460000,    14.671132,     7.519123

    2.470000,    14.746324,     7.782309

    2.480000,    14.824147,     8.041848

    2.490000,    14.904565,     8.297452

    2.500000,    14.987540,     8.548836

    2.510000,    15.073028,     8.795722

    2.520000,    15.160985,     9.037835

    2.530000,    15.251364,     9.274906

    2.540000,    15.344113,     9.506671

    2.550000,    15.439179,     9.732873

    2.560000,    15.536508,     9.953261

    2.570000,    15.636041,    10.167590

    2.580000,    15.737717,    10.375621

    2.590000,    15.841473,    10.577124

    2.600000,    15.947244,    10.771875

    2.610000,    16.054963,    10.959657

    2.620000,    16.164559,    11.140261

    2.630000,    16.275962,    11.313488

    2.640000,    16.389097,    11.479144

    2.650000,    16.503888,    11.637045

    2.660000,    16.620259,    11.787016

    2.670000,    16.738129,    11.928891

    2.680000,    16.857418,    12.062511

    2.690000,    16.978043,    12.187729

    2.700000,    17.099920,    12.304404

    2.710000,    17.222964,    12.412408

    2.720000,    17.347088,    12.511620

    2.730000,    17.472205,    12.601931

    2.740000,    17.598224,    12.683239

    2.750000,    17.725056,    12.755455

    2.760000,    17.852611,    12.818499

    2.770000,    17.980796,    12.872299

    2.780000,    18.109519,    12.916797

    2.790000,    18.238687,    12.951943

    2.800000,    18.368206,    12.977698

    2.810000,    18.497983,    12.994033

    2.820000,    18.627924,    13.000930

    2.830000,    18.757933,    12.998382

    2.840000,    18.887917,    12.986392

    2.850000,    19.017781,    12.964971

    2.860000,    19.147430,    12.934146

    2.870000,    19.276772,    12.893949

    2.880000,    19.405711,    12.844426

    2.890000,    19.534156,    12.785631

    2.900000,    19.662012,    12.717629

    2.910000,    19.789188,    12.640497

    2.920000,    19.915593,    12.554320

    2.930000,    20.041136,    12.459194

    2.940000,    20.165728,    12.355224

    2.950000,    20.289280,    12.242526

    2.960000,    20.411706,    12.121226

    2.970000,    20.532918,    11.991457

    2.980000,    20.652833,    11.853364

    2.990000,    20.771366,    11.707102

    3.000000,    20.888437,    11.552831

    3.010000,    21.003966,    11.390723

    3.020000,    21.117873,    11.220960

    3.030000,    21.230082,    11.043728

    3.040000,    21.340520,    10.859226

    3.050000,    21.449112,    10.667658

    3.060000,    21.555789,    10.469237

    3.070000,    21.660481,    10.264184

    3.080000,    21.763123,    10.052726

    3.090000,    21.863650,     9.835098

    3.100000,    21.962001,     9.611542

    3.110000,    22.058116,     9.382307

    3.120000,    22.151939,     9.147647

    3.130000,    22.243416,     8.907823

    3.140000,    22.332494,     8.663102

    3.150000,    22.419125,     8.413754

    3.160000,    22.503263,     8.160059

    3.170000,    22.584863,     7.902296

    3.180000,    22.663886,     7.640753

    3.190000,    22.740294,     7.375720

    3.200000,    22.814051,     7.107493

    3.210000,    22.885126,     6.836367

    3.220000,    22.953490,     6.562646

    3.230000,    23.019116,     6.286634

    3.240000,    23.081982,     6.008635

    3.250000,    23.142069,     5.728961

    3.260000,    23.199358,     5.447921

    3.270000,    23.253838,     5.165828

    3.280000,    23.305496,     4.882995

    3.290000,    23.354326,     4.599737

    3.300000,    23.400323,     4.316368

    3.310000,    23.443487,     4.033203

    3.320000,    23.483819,     3.750556

    3.330000,    23.521324,     3.468742

    3.340000,    23.556012,     3.188074

    3.350000,    23.587893,     2.908864

    3.360000,    23.616981,     2.631422

    3.370000,    23.643295,     2.356055

    3.380000,    23.666856,     2.083071

    3.390000,    23.687687,     1.812773

    3.400000,    23.705814,     1.545460

    3.410000,    23.721269,     1.281430

    3.420000,    23.734083,     1.020977

    3.430000,    23.744293,     0.764388

    3.440000,    23.751937,     0.511951

    3.450000,    23.757057,     0.263945

    3.460000,    23.759696,     0.020645

    3.470000,    23.759902,    -0.217677

    3.480000,    23.757726,    -0.450758

    3.490000,    23.753218,    -0.678338

    3.500000,    23.746435,    -0.900164

    3.510000,    23.737433,    -1.115990

    3.520000,    23.726273,    -1.325576

    3.530000,    23.713017,    -1.528689

    3.540000,    23.697731,    -1.725103

    3.550000,    23.680479,    -1.914601

    3.560000,    23.661333,    -2.096971

    3.570000,    23.640364,    -2.272012

    3.580000,    23.617644,    -2.439528

    3.590000,    23.593248,    -2.599333

    3.600000,    23.567255,    -2.751250

    3.610000,    23.539743,    -2.895111

    3.620000,    23.510791,    -3.030754

    3.630000,    23.480484,    -3.158030

    3.640000,    23.448904,    -3.276797

    3.650000,    23.416136,    -3.386923

    3.660000,    23.382266,    -3.488286

    3.670000,    23.347384,    -3.580773

    3.680000,    23.311576,    -3.664282

    3.690000,    23.274933,    -3.738719

    3.700000,    23.237546,    -3.804002

    3.710000,    23.199506,    -3.860058

    3.720000,    23.160905,    -3.906825

    3.730000,    23.121837,    -3.944251

    3.740000,    23.082394,    -3.972295

    3.750000,    23.042671,    -3.990925

    3.760000,    23.002762,    -4.000121

    3.770000,    22.962761,    -3.999872

    3.780000,    22.922762,    -3.990179

    3.790000,    22.882860,    -3.971053

    3.800000,    22.843150,    -3.942514

    3.810000,    22.803725,    -3.904594

    3.820000,    22.764679,    -3.857336

    3.830000,    22.726106,    -3.800793

    3.840000,    22.688098,    -3.735026

    3.850000,    22.650747,    -3.660109

    3.860000,    22.614146,    -3.576125

    3.870000,    22.578385,    -3.483168

    3.880000,    22.543553,    -3.381340

    3.890000,    22.509740,    -3.270756

    3.900000,    22.477032,    -3.151537

    3.910000,    22.445517,    -3.023817

    3.920000,    22.415279,    -2.887737

    3.930000,    22.386401,    -2.743448

    3.940000,    22.358967,    -2.591111

    3.950000,    22.333056,    -2.430895

    3.960000,    22.308747,    -2.262978

    3.970000,    22.286117,    -2.087547

    3.980000,    22.265242,    -1.904796

    3.990000,    22.246194,    -1.714928

    4.000000,    22.229044,    -1.518155

    4.010000,    22.213863,    -1.314696

    4.020000,    22.200716,    -1.104775

    4.030000,    22.189668,    -0.888627

    4.040000,    22.180782,    -0.666492

    4.050000,    22.174117,    -0.438616

    4.060000,    22.169731,    -0.205253

    4.070000,    22.167678,     0.033338

    4.080000,    22.168012,     0.276893

    4.090000,    22.170781,     0.525139

    4.100000,    22.176032,     0.777802

    4.110000,    22.183810,     1.034601

    4.120000,    22.194156,     1.295251

    4.130000,    22.207109,     1.559461

    4.140000,    22.222703,     1.826938

    4.150000,    22.240973,     2.097386

    4.160000,    22.261946,     2.370503

    4.170000,    22.285651,     2.645986

    4.180000,    22.312111,     2.923529

    4.190000,    22.341347,     3.202824

    4.200000,    22.373375,     3.483560

    4.210000,    22.408210,     3.765426

    4.220000,    22.445865,     4.048107

    4.230000,    22.486346,     4.331291

    4.240000,    22.529659,     4.614662

    4.250000,    22.575805,     4.897906

    4.260000,    22.624784,     5.180708

    4.270000,    22.676591,     5.462753

    4.280000,    22.731219,     5.743729

    4.290000,    22.788656,     6.023323

    4.300000,    22.848889,     6.301224

    4.310000,    22.911902,     6.577124

    4.320000,    22.977673,     6.850716

    4.330000,    23.046180,     7.121696

    4.340000,    23.117397,     7.389763

    4.350000,    23.191295,     7.654619

    4.360000,    23.267841,     7.915970

    4.370000,    23.347001,     8.173525

    4.380000,    23.428736,     8.426999

    4.390000,    23.513006,     8.676110

    4.400000,    23.599767,     8.920580

    4.410000,    23.688973,     9.160139

    4.420000,    23.780574,     9.394519

    4.430000,    23.874519,     9.623462

    4.440000,    23.970754,     9.846711

    4.450000,    24.069221,    10.064020

    4.460000,    24.169861,    10.275146

    4.470000,    24.272613,    10.479856

    4.480000,    24.377411,    10.677921

    4.490000,    24.484190,    10.869123

    4.500000,    24.592882,    11.053247

    4.510000,    24.703414,    11.230090

    4.520000,    24.815715,    11.399455

    4.530000,    24.929710,    11.561154

    4.540000,    25.045321,    11.715007

    4.550000,    25.162471,    11.860843

    4.560000,    25.281080,    11.998501

    4.570000,    25.401065,    12.127827

    4.580000,    25.522343,    12.248678

    4.590000,    25.644830,    12.360919

    4.600000,    25.768439,    12.464426

    4.610000,    25.893083,    12.559083

    4.620000,    26.018674,    12.644786

    4.630000,    26.145122,    12.721439

    4.640000,    26.272336,    12.788958

    4.650000,    26.400226,    12.847266

    4.660000,    26.528698,    12.896299

    4.670000,    26.657661,    12.936004

    4.680000,    26.787022,    12.966335

    4.690000,    26.916685,    12.987259

    4.700000,    27.046557,    12.998752

    4.710000,    27.176545,    13.000803

    4.720000,    27.306553,    12.993408

    4.730000,    27.436487,    12.976576

    4.740000,    27.566253,    12.950326

    4.750000,    27.695756,    12.914686

    4.760000,    27.824903,    12.869697

    4.770000,    27.953600,    12.815408

    4.780000,    28.081754,    12.751880

    4.790000,    28.209273,    12.679183

    4.800000,    28.336065,    12.597398

    4.810000,    28.462039,    12.506616

    4.820000,    28.587105,    12.406938

    4.830000,    28.711174,    12.298474

    4.840000,    28.834159,    12.181345

    4.850000,    28.955972,    12.055681

    4.860000,    29.076529,    11.921623

    4.870000,    29.195745,    11.779318

    4.880000,    29.313539,    11.628924

    4.890000,    29.429828,    11.470610

    4.900000,    29.544534,    11.304551

    4.910000,    29.657579,    11.130931

    4.920000,    29.768889,    10.949943

    4.930000,    29.878388,    10.761789

    4.940000,    29.986006,    10.566677

    4.950000,    30.091673,    10.364825

    4.960000,    30.195321,    10.156456

    4.970000,    30.296886,     9.941802

    4.980000,    30.396304,     9.721101

    4.990000,    30.493515,     9.494600

    5.000000,    30.588461,     9.262549

    5.010000,    30.681086,     9.025206

    5.020000,    30.771338,     8.782835

    5.030000,    30.859167,     8.535705

    5.040000,    30.944524,     8.284091

    5.050000,    31.027364,     8.028273

    5.060000,    31.107647,     7.768535

    5.070000,    31.185333,     7.505164

    5.080000,    31.260384,     7.238455

    5.090000,    31.332769,     6.968703

    5.100000,    31.402456,     6.696208

    5.110000,    31.469418,     6.421272

    5.120000,    31.533631,     6.144202

    5.130000,    31.595073,     5.865305

    5.140000,    31.653726,     5.584891

    5.150000,    31.709575,     5.303272

    5.160000,    31.762607,     5.020760

    5.170000,    31.812815,     4.737670

    5.180000,    31.860192,     4.454315

    5.190000,    31.904735,     4.171011

    5.200000,    31.946445,     3.888073

    5.210000,    31.985326,     3.605814

    5.220000,    32.021384,     3.324549

    5.230000,    32.054629,     3.044591

    5.240000,    32.085075,     2.766249

    5.250000,    32.112738,     2.489834

    5.260000,    32.137636,     2.215652

    5.270000,    32.159792,     1.944008

    5.280000,    32.179233,     1.675205

    5.290000,    32.195985,     1.409540

    5.300000,    32.210080,     1.147309

    5.310000,    32.221553,     0.888803

    5.320000,    32.230441,     0.634309

    5.330000,    32.236784,     0.384111

    5.340000,    32.240625,     0.138486

    5.350000,    32.242010,    -0.102293

    5.360000,    32.240987,    -0.337958

    5.370000,    32.237608,    -0.568248

    5.380000,    32.231925,    -0.792906

    5.390000,    32.223996,    -1.011684

    5.400000,    32.213879,    -1.224337

    5.410000,    32.201636,    -1.430630

    5.420000,    32.187330,    -1.630333

    5.430000,    32.171026,    -1.823225

    5.440000,    32.152794,    -2.009091

    5.450000,    32.132703,    -2.187725

    5.460000,    32.110826,    -2.358927

    5.470000,    32.087237,    -2.522509

    5.480000,    32.062012,    -2.678288

    5.490000,    32.035229,    -2.826091

    5.500000,    32.006968,    -2.965755

    5.510000,    31.977310,    -3.097122

    5.520000,    31.946339,    -3.220049

    5.530000,    31.914138,    -3.334398

    5.540000,    31.880795,    -3.440041

    5.550000,    31.846394,    -3.536863

    5.560000,    31.811025,    -3.624755

    5.570000,    31.774778,    -3.703619

    5.580000,    31.737742,    -3.773368

    5.590000,    31.700008,    -3.833925

    5.600000,    31.661669,    -3.885221

    5.610000,    31.622817,    -3.927201

    5.620000,    31.583545,    -3.959817

    5.630000,    31.543946,    -3.983033

    5.640000,    31.504116,    -3.996824

    5.650000,    31.464148,    -4.001173

    5.660000,    31.424136,    -3.996077

    5.670000,    31.384175,    -3.981541

    5.680000,    31.344360,    -3.957581

    5.690000,    31.304784,    -3.924224

    5.700000,    31.265542,    -3.881506

    5.710000,    31.226727,    -3.829476

    5.720000,    31.188432,    -3.768191

    5.730000,    31.150750,    -3.697719

    5.740000,    31.113773,    -3.618138

    5.750000,    31.077592,    -3.529537

    5.760000,    31.042296,    -3.432014

    5.770000,    31.007976,    -3.325678

    5.780000,    30.974719,    -3.210647

    5.790000,    30.942613,    -3.087048

    5.800000,    30.911742,    -2.955020

    5.810000,    30.882192,    -2.814708

    5.820000,    30.854045,    -2.666268

    5.830000,    30.827382,    -2.509866

    5.840000,    30.802284,    -2.345676

    5.850000,    30.778827,    -2.173879

    5.860000,    30.757088,    -1.994666

    5.870000,    30.737141,    -1.808238

    5.880000,    30.719059,    -1.614800

    5.890000,    30.702911,    -1.414568

    5.900000,    30.688765,    -1.207764

    5.910000,    30.676688,    -0.994618

    5.920000,    30.666742,    -0.775367

    5.930000,    30.658988,    -0.550255

    5.940000,    30.653485,    -0.319531

    5.950000,    30.650290,    -0.083452

    5.960000,    30.649456,     0.157720

    5.970000,    30.651033,     0.403716

    5.980000,    30.655070,     0.654264

    5.990000,    30.661613,     0.909085

    6.000000,    30.670703,     1.167895

    6.010000,    30.682382,     1.430409

    6.020000,    30.696686,     1.696332

    6.030000,    30.713650,     1.965371

    6.040000,    30.733303,     2.237226

    6.050000,    30.755676,     2.511596

    6.060000,    30.780792,     2.788174

    6.070000,    30.808673,     3.066655

    6.080000,    30.839340,     3.346728

    6.090000,    30.872807,     3.628083

    6.100000,    30.909088,     3.910407

    6.110000,    30.948192,     4.193385

    6.120000,    30.990126,     4.476705

    6.130000,    31.034893,     4.760050

    6.140000,    31.082494,     5.043106

    6.150000,    31.132925,     5.325559

    6.160000,    31.186180,     5.607095

    6.170000,    31.242251,     5.887400

    6.180000,    31.301125,     6.166164

    6.190000,    31.362787,     6.443076

    6.200000,    31.427218,     6.717830

    6.210000,    31.494396,     6.990119

    6.220000,    31.564297,     7.259642

    6.230000,    31.636894,     7.526098

    6.240000,    31.712154,     7.789192

    6.250000,    31.790046,     8.048631

    6.260000,    31.870533,     8.304128

    6.270000,    31.953574,     8.555397

    6.280000,    32.039128,     8.802161

    6.290000,    32.127150,     9.044144

    6.300000,    32.217591,     9.281079

    6.310000,    32.310402,     9.512701

    6.320000,    32.405529,     9.738753

    6.330000,    32.502916,     9.958984

    6.340000,    32.602506,    10.173150

    6.350000,    32.704238,    10.381013

    6.360000,    32.808048,    10.582341

    6.370000,    32.913871,    10.776911

    6.380000,    33.021640,    10.964506

    6.390000,    33.131285,    11.144919

    6.400000,    33.242735,    11.317949

    6.410000,    33.355914,    11.483403

    6.420000,    33.470748,    11.641097

    6.430000,    33.587159,    11.790857

    6.440000,    33.705068,    11.932516

    6.450000,    33.824393,    12.065917

    6.460000,    33.945052,    12.190911

    6.470000,    34.066961,    12.307360

    6.480000,    34.190035,    12.415134

    6.490000,    34.314186,    12.514113

    6.500000,    34.439327,    12.604188

    6.510000,    34.565369,    12.685258

    6.520000,    34.692222,    12.757234

    6.530000,    34.819794,    12.820034

    6.540000,    34.947994,    12.873591

    6.550000,    35.076730,    12.917843

    6.560000,    35.205909,    12.952742

    6.570000,    35.335436,    12.978249

    6.580000,    35.465219,    12.994336

    6.590000,    35.595162,    13.000984

    6.600000,    35.725172,    12.998188

    6.610000,    35.855154,    12.985948

    6.620000,    35.985013,    12.964280

    6.630000,    36.114656,    12.933207

    6.640000,    36.243988,    12.892764

    6.650000,    36.372916,    12.842996

    6.660000,    36.501346,    12.783957

    6.670000,    36.629185,    12.715715

    6.680000,    36.756342,    12.638343

    6.690000,    36.882726,    12.551929

    6.700000,    37.008245,    12.456569

    6.710000,    37.132811,    12.352367

    6.720000,    37.256334,    12.239441

    6.730000,    37.378729,    12.117916

    6.740000,    37.499908,    11.987926

    6.750000,    37.619787,    11.849617

    6.760000,    37.738283,    11.703141

    6.770000,    37.855315,    11.548661

    6.780000,    37.970801,    11.386350

    6.790000,    38.084665,    11.216387

    6.800000,    38.196829,    11.038962

    6.810000,    38.307218,    10.854271

    6.820000,    38.415761,    10.662520

    6.830000,    38.522386,    10.463921

    6.840000,    38.627026,    10.258696

    6.850000,    38.729612,    10.047072

    6.860000,    38.830083,     9.829285

    6.870000,    38.928376,     9.605577

    6.880000,    39.024432,     9.376196

    6.890000,    39.118194,     9.141396

    6.900000,    39.209608,     8.901440

    6.910000,    39.298622,     8.656593

    6.920000,    39.385188,     8.407128

    6.930000,    39.469259,     8.153321

    6.940000,    39.550793,     7.895455

    6.950000,    39.629747,     7.633817

    6.960000,    39.706085,     7.368696

    6.970000,    39.779772,     7.100388

    6.980000,    39.850776,     6.829191

    6.990000,    39.919068,     6.555405

    7.000000,    39.984622,     6.279336

    7.010000,    40.047415,     6.001290

    7.020000,    40.107428,     5.721576

    7.030000,    40.164644,     5.440504

    7.040000,    40.219049,     5.158388

    7.050000,    40.270633,     4.875540

    7.060000,    40.319388,     4.592274

    7.070000,    40.365311,     4.308906

    7.080000,    40.408400,     4.025751

    7.090000,    40.448658,     3.743122

    7.100000,    40.486089,     3.461334

    7.110000,    40.520702,     3.180701

    7.120000,    40.552509,     2.901533

    7.130000,    40.581525,     2.624141

    7.140000,    40.607766,     2.348834

    7.150000,    40.631254,     2.075917

    7.160000,    40.652014,     1.805693

    7.170000,    40.670070,     1.538463

    7.180000,    40.685455,     1.274524

    7.190000,    40.698200,     1.014168

    7.200000,    40.708342,     0.757686

    7.210000,    40.715919,     0.505361

    7.220000,    40.720973,     0.257476

    7.230000,    40.723547,     0.014304

    7.240000,    40.723690,    -0.223884

    7.250000,    40.721451,    -0.456823

    7.260000,    40.716883,    -0.684255

    7.270000,    40.710041,    -0.905926

    7.280000,    40.700981,    -1.121591

    7.290000,    40.689766,    -1.331009

    7.300000,    40.676455,    -1.533948

    7.310000,    40.661116,    -1.730183

    7.320000,    40.643814,    -1.919496

    7.330000,    40.624619,    -2.101676

    7.340000,    40.603602,    -2.276521

    7.350000,    40.580837,    -2.443836

    7.360000,    40.556399,    -2.603436

    7.370000,    40.530364,    -2.755143

    7.380000,    40.502813,    -2.898789

    7.390000,    40.473825,    -3.034214

    7.400000,    40.443483,    -3.161268

    7.410000,    40.411870,    -3.279809

    7.420000,    40.379072,    -3.389706

    7.430000,    40.345175,    -3.490836

    7.440000,    40.310267,    -3.583088

    7.450000,    40.274436,    -3.666359

    7.460000,    40.237772,    -3.740556

    7.470000,    40.200367,    -3.805596

    7.480000,    40.162311,    -3.861409

    7.490000,    40.123697,    -3.907931

    7.500000,    40.084617,    -3.945110

    7.510000,    40.045166,    -3.972907

    7.520000,    40.005437,    -3.991289

    7.530000,    39.965524,    -4.000236

    7.540000,    39.925522,    -3.999738

    7.550000,    39.885525,    -3.989796

    7.560000,    39.845627,    -3.970422

    7.570000,    39.805922,    -3.941635

    7.580000,    39.766506,    -3.903469

    7.590000,    39.727471,    -3.855966

    7.600000,    39.688912,    -3.799178

    7.610000,    39.650920,    -3.733170

    7.620000,    39.613588,    -3.658013

    7.630000,    39.577008,    -3.573791

    7.640000,    39.541270,    -3.480599

    7.650000,    39.506464,    -3.378540

    7.660000,    39.472679,    -3.267726

    7.670000,    39.440002,    -3.148282

    7.680000,    39.408519,    -3.020340

    7.690000,    39.378315,    -2.884041

    7.700000,    39.349475,    -2.739538

    7.710000,    39.322080,    -2.586992

    7.720000,    39.296210,    -2.426571

    7.730000,    39.271944,    -2.258453

    7.740000,    39.249359,    -2.082827

    7.750000,    39.228531,    -1.899886

    7.760000,    39.209532,    -1.709834

    7.770000,    39.192434,    -1.512882

    7.780000,    39.177305,    -1.309249

    7.790000,    39.164213,    -1.099162

    7.800000,    39.153221,    -0.882853

    7.810000,    39.144392,    -0.660563

    7.820000,    39.137787,    -0.432539

    7.830000,    39.133461,    -0.199035

    7.840000,    39.131471,     0.039690

    7.850000,    39.131868,     0.283372

    7.860000,    39.134702,     0.531738

    7.870000,    39.140019,     0.784514

    7.880000,    39.147864,     1.041418

    7.890000,    39.158278,     1.302165

    7.900000,    39.171300,     1.566465

    7.910000,    39.186965,     1.834024

    7.920000,    39.205305,     2.104546

    7.930000,    39.226350,     2.377729

    7.940000,    39.250128,     2.653270

    7.950000,    39.276660,     2.930864

    7.960000,    39.305969,     3.210200

    7.970000,    39.338071,     3.490970

    7.980000,    39.372981,     3.772861

    7.990000,    39.410709,     4.055560

    8.000000,    39.451265,     4.338753

    8.010000,    39.494653,     4.622125

    8.020000,    39.540874,     4.905361

    8.030000,    39.589927,     5.188147

    8.040000,    39.641809,     5.470168

    8.050000,    39.696511,     5.751112

    8.060000,    39.754022,     6.030665

    8.070000,    39.814328,     6.308517

    8.080000,    39.877413,     6.584360

    8.090000,    39.943257,     6.857887

    8.100000,    40.011836,     7.128794

    8.110000,    40.083124,     7.396780

    8.120000,    40.157092,     7.661548

    8.130000,    40.233707,     7.922803

    8.140000,    40.312935,     8.180254

    8.150000,    40.394738,     8.433617

    8.160000,    40.479074,     8.682609

    8.170000,    40.565900,     8.926953

    8.180000,    40.655170,     9.166379

    8.190000,    40.746833,     9.400620

    8.200000,    40.840840,     9.629415

    8.210000,    40.937134,     9.852511

    8.220000,    41.035659,    10.069660

    8.230000,    41.136355,    10.280621

    8.240000,    41.239162,    10.485159

    8.250000,    41.344013,    10.683046

    8.260000,    41.450844,    10.874063

    8.270000,    41.559584,    11.057998

    8.280000,    41.670164,    11.234647

    8.290000,    41.782511,    11.403812

    8.300000,    41.896549,    11.565307

    8.310000,    42.012202,    11.718951

    8.320000,    42.129391,    11.864574

    8.330000,    42.248037,    12.002015

    8.340000,    42.368057,    12.131119

    8.350000,    42.489369,    12.251745

    8.360000,    42.611886,    12.363758

    8.370000,    42.735524,    12.467033

    8.380000,    42.860194,    12.561456

    8.390000,    42.985808,    12.646922

    8.400000,    43.112278,    12.723335

    8.410000,    43.239511,    12.790612

    8.420000,    43.367417,    12.848676

    8.430000,    43.495904,    12.897465

    8.440000,    43.624879,    12.936923

    8.450000,    43.754248,    12.967006

    8.460000,    43.883918,    12.987682

    8.470000,    44.013795,    12.998927

    8.480000,    44.143784,    13.000729

    8.490000,    44.273791,    12.993086

    8.500000,    44.403722,    12.976005

    8.510000,    44.533482,    12.949507

    8.520000,    44.662977,    12.913621

    8.530000,    44.792113,    12.868386

    8.540000,    44.920797,    12.813853

    8.550000,    45.048936,    12.750083

    8.560000,    45.176437,    12.677145

    8.570000,    45.303208,    12.595122

    8.580000,    45.429159,    12.504104

    8.590000,    45.554200,    12.404193

    8.600000,    45.678242,    12.295500

    8.610000,    45.801197,    12.178144

    8.620000,    45.922979,    12.052258

    8.630000,    46.043501,    11.917980

    8.640000,    46.162681,    11.775460

    8.650000,    46.280436,    11.624856

    8.660000,    46.396684,    11.466335

    8.670000,    46.511348,    11.300074

    8.680000,    46.624348,    11.126258

    8.690000,    46.735611,    10.945079

    8.700000,    46.845062,    10.756739

    8.710000,    46.952629,    10.561447

    8.720000,    47.058244,    10.359420

    8.730000,    47.161838,    10.150882

    8.740000,    47.263347,     9.936066

    8.750000,    47.362707,     9.715209

    8.760000,    47.459859,     9.488558

    8.770000,    47.554745,     9.256365

    8.780000,    47.647309,     9.018886

    8.790000,    47.737497,     8.776386

    8.800000,    47.825261,     8.529135

    8.810000,    47.910553,     8.277407

    8.820000,    47.993327,     8.021482

    8.830000,    48.073542,     7.761644

    8.840000,    48.151158,     7.498182

    8.850000,    48.226140,     7.231388

    8.860000,    48.298454,     6.961560

    8.870000,    48.368069,     6.688997

    8.880000,    48.434959,     6.414001

    8.890000,    48.499099,     6.136879

    8.900000,    48.560468,     5.857938

    8.910000,    48.619047,     5.577489

    8.920000,    48.674822,     5.295842

    8.930000,    48.727781,     5.013311

    8.940000,    48.777914,     4.730209

    8.950000,    48.825216,     4.446852

    8.960000,    48.869684,     4.163553

    8.970000,    48.911320,     3.880629

    8.980000,    48.950126,     3.598393

    8.990000,    48.986110,     3.317158

    9.000000,    49.019282,     3.037238

    9.010000,    49.049654,     2.758943

    9.020000,    49.077244,     2.482583

    9.030000,    49.102069,     2.208464

    9.040000,    49.124154,     1.936891

    9.050000,    49.143523,     1.668167

    9.060000,    49.160205,     1.402588

    9.070000,    49.174231,     1.140452

    9.080000,    49.185635,     0.882048

    9.090000,    49.194455,     0.627664

    9.100000,    49.200732,     0.377582

    9.110000,    49.204508,     0.132081

    9.120000,    49.205829,    -0.108566

    9.130000,    49.204743,    -0.344093

    9.140000,    49.201302,    -0.574238

    9.150000,    49.195560,    -0.798745

    9.160000,    49.187572,    -1.017364

    9.170000,    49.177399,    -1.229852

    9.180000,    49.165100,    -1.435975

    9.190000,    49.150740,    -1.635501

    9.200000,    49.134385,    -1.828211

    9.210000,    49.116103,    -2.013889

    9.220000,    49.095964,    -2.192329

    9.230000,    49.074041,    -2.363334

    9.240000,    49.050408,    -2.526713

    9.250000,    49.025141,    -2.682284

    9.260000,    48.998318,    -2.829875

    9.270000,    48.970019,    -2.969321

    9.280000,    48.940326,    -3.100469

    9.290000,    48.909321,    -3.223171

    9.300000,    48.877089,    -3.337292

    9.310000,    48.843717,    -3.442705

    9.320000,    48.809290,    -3.539293

    9.330000,    48.773897,    -3.626948

    9.340000,    48.737627,    -3.705573

    9.350000,    48.700571,    -3.775081

    9.360000,    48.662821,    -3.835394

    9.370000,    48.624467,    -3.886446

    9.380000,    48.585602,    -3.928180

    9.390000,    48.546320,    -3.960549

    9.400000,    48.506715,    -3.983517

    9.410000,    48.466880,    -3.997059

    9.420000,    48.426909,    -4.001160

    9.430000,    48.386897,    -3.995816

    9.440000,    48.346939,    -3.981031

    9.450000,    48.307129,    -3.956823

    9.460000,    48.267561,    -3.923219

    9.470000,    48.228329,    -3.880255

    9.480000,    48.189526,    -3.827980

    9.490000,    48.151246,    -3.766452

    9.500000,    48.113582,    -3.695739

    9.510000,    48.076624,    -3.615920

    9.520000,    48.040465,    -3.527082

    9.530000,    48.005194,    -3.429326

    9.540000,    47.970901,    -3.322760

    9.550000,    47.937673,    -3.207501

    9.560000,    47.905598,    -3.083679

    9.570000,    47.874762,    -2.951430

    9.580000,    47.845247,    -2.810902

    9.590000,    47.817138,    -2.662251

    9.600000,    47.790516,    -2.505641

    9.610000,    47.765459,    -2.341248

    9.620000,    47.742047,    -2.169253

    9.630000,    47.720354,    -1.989848

    9.640000,    47.700456,    -1.803232

    9.650000,    47.682424,    -1.609612

    9.660000,    47.666327,    -1.409204

    9.670000,    47.652235,    -1.202231

    9.680000,    47.640213,    -0.988921

    9.690000,    47.630324,    -0.769512

    9.700000,    47.622629,    -0.544249

    9.710000,    47.617186,    -0.313381

    9.720000,    47.614052,    -0.077164

    9.730000,    47.613281,     0.164138

    9.740000,    47.614922,     0.410257

    9.750000,    47.619025,     0.660921

    9.760000,    47.625634,     0.915851

    9.770000,    47.634793,     1.174763

    9.780000,    47.646540,     1.437369

    9.790000,    47.660914,     1.703379

    9.800000,    47.677948,     1.972496

    9.810000,    47.697673,     2.244421

    9.820000,    47.720117,     2.518853

    9.830000,    47.745305,     2.795485

    9.840000,    47.773260,     3.074012

    9.850000,    47.804000,     3.354123

    9.860000,    47.837542,     3.635507

    9.870000,    47.873897,     3.917852

    9.880000,    47.913075,     4.200844

    9.890000,    47.955084,     4.484168

    9.900000,    47.999925,     4.767510

    9.910000,    48.047600,     5.050554

    9.920000,    48.098106,     5.332987

    9.930000,    48.151436,     5.614494

    9.940000,    48.207581,     5.894763

    9.950000,    48.266528,     6.173482

    9.960000,    48.328263,     6.450341

    9.970000,    48.392767,     6.725034

    9.980000,    48.460017,     6.997254

    9.990000,    48.529989,     7.266700

   10.000000,    48.602656,     7.533071

   10.010000,    48.677987,     7.796073

   10.020000,    48.755948,     8.055412

   10.030000,    48.836502,     8.310801

   10.040000,    48.919610,     8.561955

   10.050000,    49.005230,     8.808596

   10.060000,    49.093316,     9.050450

   10.070000,    49.183820,     9.287248

   10.080000,    49.276693,     9.518726

   10.090000,    49.371880,     9.744629

   10.100000,    49.469326,     9.964704

   10.110000,    49.568973,    10.178707

   10.120000,    49.670760,    10.386400

   10.130000,    49.774624,    10.587553

   10.140000,    49.880500,    10.781942

   10.150000,    49.988319,    10.969351

   10.160000,    50.098013,    11.149572

   10.170000,    50.209508,    11.322404

   10.180000,    50.322732,    11.487656

   10.190000,    50.437609,    11.645144

   10.200000,    50.554060,    11.794693

   10.210000,    50.672007,    11.936136

   10.220000,    50.791369,    12.069318

   10.230000,    50.912062,    12.194088

   10.240000,    51.034003,    12.310310

   10.250000,    51.157106,    12.417854

   10.260000,    51.281284,    12.516600

   10.270000,    51.406450,    12.606439

   10.280000,    51.532515,    12.687271

   10.290000,    51.659387,    12.759006

   10.300000,    51.786978,    12.821564

   10.310000,    51.915193,    12.874876

   10.320000,    52.043942,    12.918882

   10.330000,    52.173131,    12.953534

   10.340000,    52.302666,    12.978793

   10.350000,    52.432454,    12.994632

   10.360000,    52.562400,    13.001032

   10.370000,    52.692411,    12.997986

   10.380000,    52.822391,    12.985498

   10.390000,    52.952245,    12.963582

   10.400000,    53.081881,    12.932262

   10.410000,    53.211204,    12.891573

   10.420000,    53.340120,    12.841559

   10.430000,    53.468535,    12.782278

   10.440000,    53.596358,    12.713794

   10.450000,    53.723496,    12.636183

   10.460000,    53.849858,    12.549532

   10.470000,    53.975353,    12.453937

   10.480000,    54.099892,    12.349505

   10.490000,    54.223388,    12.236351

   10.500000,    54.345751,    12.114600

   10.510000,    54.466897,    11.984390

   10.520000,    54.586741,    11.845863

   10.530000,    54.705200,    11.699174

   10.540000,    54.822191,    11.544486

   10.550000,    54.937636,    11.381971

   10.560000,    55.051456,    11.211809

   10.570000,    55.163574,    11.034190

   10.580000,    55.273916,    10.849310

   10.590000,    55.382409,    10.657376

   10.600000,    55.488983,    10.458600

   10.610000,    55.593569,    10.253204

   10.620000,    55.696101,    10.041415

   10.630000,    55.796515,     9.823469

   10.640000,    55.894750,     9.599607

   10.650000,    55.990746,     9.370080

   10.660000,    56.084446,     9.135142

   10.670000,    56.175798,     8.895053

   10.680000,    56.264748,     8.650081

   10.690000,    56.351249,     8.400498

   10.700000,    56.435254,     8.146581

   10.710000,    56.516720,     7.888612

   10.720000,    56.595606,     7.626878

   10.730000,    56.671875,     7.361669

   10.740000,    56.745492,     7.093281

   10.750000,    56.816424,     6.822012

   10.760000,    56.884645,     6.548163

   10.770000,    56.950126,     6.272038

   10.780000,    57.012847,     5.993943

   10.790000,    57.072786,     5.714189

   10.800000,    57.129928,     5.433086

   10.810000,    57.184259,     5.150946

   10.820000,    57.235768,     4.868083

   10.830000,    57.284449,     4.584811

   10.840000,    57.330297,     4.301445

   10.850000,    57.373312,     4.018299

   10.860000,    57.413495,     3.735689

   10.870000,    57.450851,     3.453927

   10.880000,    57.485391,     3.173328

   10.890000,    57.517124,     2.894204

   10.900000,    57.546066,     2.616863

   10.910000,    57.572235,     2.341615

   10.920000,    57.595651,     2.068764

   10.930000,    57.616338,     1.798616

   10.940000,    57.634325,     1.531469

   10.950000,    57.649639,     1.267620

   10.960000,    57.662316,     1.007362

   10.970000,    57.672389,     0.750986

   10.980000,    57.679899,     0.498775

   10.990000,    57.684887,     0.251010

   11.000000,    57.687397,     0.007966

   11.010000,    57.687477,    -0.230087

   11.020000,    57.685176,    -0.462885

   11.030000,    57.680547,    -0.690168

   11.040000,    57.673645,    -0.911684

   11.050000,    57.664528,    -1.127187

   11.060000,    57.653256,    -1.336438

   11.070000,    57.639892,    -1.539203

   11.080000,    57.624500,    -1.735259

   11.090000,    57.607147,    -1.924386

   11.100000,    57.587904,    -2.106376

   11.110000,    57.566840,    -2.281025

   11.120000,    57.544030,    -2.448139

   11.130000,    57.519548,    -2.607533

   11.140000,    57.493473,    -2.759030

   11.150000,    57.465883,    -2.902462

   11.160000,    57.436858,    -3.037668

   11.170000,    57.406481,    -3.164499

   11.180000,    57.374836,    -3.282814

   11.190000,    57.342008,    -3.392482

   11.200000,    57.308083,    -3.493380

   11.210000,    57.273149,    -3.585397

   11.220000,    57.237295,    -3.668430

   11.230000,    57.200611,    -3.742386

   11.240000,    57.163187,    -3.807185

   11.250000,    57.125115,    -3.862753

   11.260000,    57.086488,    -3.909030

   11.270000,    57.047398,    -3.945963

   11.280000,    57.007938,    -3.973512

   11.290000,    56.968203,    -3.991645

   11.300000,    56.928286,    -4.000344

   11.310000,    56.888283,    -3.999597

   11.320000,    56.848287,    -3.989407

   11.330000,    56.808393,    -3.969784

   11.340000,    56.768695,    -3.940750

   11.350000,    56.729288,    -3.902338

   11.360000,    56.690264,    -3.854589

   11.370000,    56.651718,    -3.797558

   11.380000,    56.613743,    -3.731307

   11.390000,    56.576430,    -3.655910

   11.400000,    56.539871,    -3.571452

   11.410000,    56.504156,    -3.478025

   11.420000,    56.469376,    -3.375733

   11.430000,    56.435619,    -3.264691

   11.440000,    56.402972,    -3.145021

   11.450000,    56.371521,    -3.016856

   11.460000,    56.341353,    -2.880340

   11.470000,    56.312549,    -2.735623

   11.480000,    56.285193,    -2.582867

   11.490000,    56.259365,    -2.422241

   11.500000,    56.235142,    -2.253923

   11.510000,    56.212603,    -2.078101

   11.520000,    56.191822,    -1.894971

   11.530000,    56.172872,    -1.704734

   11.540000,    56.155825,    -1.507604

   11.550000,    56.140749,    -1.303798

   11.560000,    56.127711,    -1.093544

   11.570000,    56.116775,    -0.877074

   11.580000,    56.108005,    -0.654630

   11.590000,    56.101458,    -0.426459

   11.600000,    56.097194,    -0.192814

   11.610000,    56.095266,     0.046046

   11.620000,    56.095726,     0.289854

   11.630000,    56.098625,     0.538340

   11.640000,    56.104008,     0.791228

   11.650000,    56.111920,     1.048237

   11.660000,    56.122403,     1.309081

   11.670000,    56.135493,     1.573471

   11.680000,    56.151228,     1.841112

   11.690000,    56.169639,     2.111708

   11.700000,    56.190756,     2.384957

   11.710000,    56.214606,     2.660556

   11.720000,    56.241211,     2.938199

   11.730000,    56.270593,     3.217578

   11.740000,    56.302769,     3.498381

   11.750000,    56.337753,     3.780298

   11.760000,    56.375556,     4.063014

   11.770000,    56.416186,     4.346215

   11.780000,    56.459648,     4.629588

   11.790000,    56.505944,     4.912816

   11.800000,    56.555072,     5.195586

   11.810000,    56.607028,     5.477583

   11.820000,    56.661804,     5.758493

   11.830000,    56.719389,     6.038006

   11.840000,    56.779769,     6.315809

   11.850000,    56.842927,     6.591595

   11.860000,    56.908843,     6.865057

   11.870000,    56.977494,     7.135891

   11.880000,    57.048853,     7.403796

   11.890000,    57.122891,     7.668475

   11.900000,    57.199575,     7.929633

   11.910000,    57.278872,     8.186981

   11.920000,    57.360741,     8.440232

   11.930000,    57.445144,     8.689105

   11.940000,    57.532035,     8.933323

   11.950000,    57.621368,     9.172615

   11.960000,    57.713094,     9.406716

   11.970000,    57.807161,     9.635365

   11.980000,    57.903515,     9.858308

   11.990000,    58.002098,    10.075297

   12.000000,    58.102851,    10.286091

   12.010000,    58.205712,    10.490456

   12.020000,    58.310616,    10.688166

   12.030000,    58.417498,    10.878999

   12.040000,    58.526288,    11.062745

   12.050000,    58.636916,    11.239199

   12.060000,    58.749308,    11.408165

   12.070000,    58.863389,    11.569455

   12.080000,    58.979084,    11.722890

   12.090000,    59.096313,    11.868300

   12.100000,    59.214996,    12.005522

   12.110000,    59.335051,    12.134406

   12.120000,    59.456395,    12.254806

   12.130000,    59.578943,    12.366590

   12.140000,    59.702609,    12.469634

   12.150000,    59.827305,    12.563822

   12.160000,    59.952943,    12.649050

   12.170000,    60.079434,    12.725224

   12.180000,    60.206686,    12.792259

   12.190000,    60.334609,    12.850081

   12.200000,    60.463110,    12.898624

   12.210000,    60.592096,    12.937836

   12.220000,    60.721474,    12.967672

   12.230000,    60.851151,    12.988099

   12.240000,    60.981032,    12.999096

   12.250000,    61.111023,    13.000649

   12.260000,    61.241029,    12.992757

   12.270000,    61.370957,    12.975428

   12.280000,    61.500711,    12.948682

   12.290000,    61.630198,    12.912549

   12.300000,    61.759324,    12.867069

   12.310000,    61.887994,    12.812292

   12.320000,    62.016117,    12.748279

   12.330000,    62.143600,    12.675101

   12.340000,    62.270351,    12.592840

   12.350000,    62.396279,    12.501587

   12.360000,    62.521295,    12.401443

   12.370000,    62.645310,    12.292519

   12.380000,    62.768235,    12.174938

   12.390000,    62.889984,    12.048828

   12.400000,    63.010472,    11.914331

   12.410000,    63.129616,    11.771596

   12.420000,    63.247332,    11.620782

   12.430000,    63.363540,    11.462055

   12.440000,    63.478160,    11.295593

   12.450000,    63.591116,    11.121580

   12.460000,    63.702332,    10.940210

   12.470000,    63.811734,    10.751684

   12.480000,    63.919251,    10.556211

   12.490000,    64.024813,    10.354010

   12.500000,    64.128353,    10.145304

   12.510000,    64.229806,     9.930326

   12.520000,    64.329109,     9.709314

   12.530000,    64.426202,     9.482513

   12.540000,    64.521028,     9.250177

   12.550000,    64.613529,     9.012562

   12.560000,    64.703655,     8.769934

   12.570000,    64.791354,     8.522561

   12.580000,    64.876580,     8.270719

   12.590000,    64.959287,     8.014687

   12.600000,    65.039434,     7.754750

   12.610000,    65.116981,     7.491197

   12.620000,    65.191893,     7.224320

   12.630000,    65.264137,     6.954416

   12.640000,    65.333681,     6.681784

   12.650000,    65.400499,     6.406729

   12.660000,    65.464566,     6.129555

   12.670000,    65.525861,     5.850570

   12.680000,    65.584367,     5.570085

   12.690000,    65.640068,     5.288411

   12.700000,    65.692952,     5.005861

   12.710000,    65.743011,     4.722748

   12.720000,    65.790238,     4.439389

   12.730000,    65.834632,     4.156096

   12.740000,    65.876193,     3.873186

   12.750000,    65.914925,     3.590972

   12.760000,    65.950835,     3.309768

   12.770000,    65.983932,     3.029887

   12.780000,    66.014231,     2.751639

   12.790000,    66.041748,     2.475333

   12.800000,    66.066501,     2.201278

   12.810000,    66.088514,     1.929776

   12.820000,    66.107811,     1.661131

   12.830000,    66.124423,     1.395639

   12.840000,    66.138379,     1.133597

   12.850000,    66.149715,     0.875295

   12.860000,    66.158468,     0.621021

   12.870000,    66.164678,     0.371057

   12.880000,    66.168389,     0.125680

   12.890000,    66.169646,    -0.114836

   12.900000,    66.168497,    -0.350224

   12.910000,    66.164995,    -0.580224

   12.920000,    66.159193,    -0.804579

   12.930000,    66.151147,    -1.023039

   12.940000,    66.140917,    -1.235364

   12.950000,    66.128563,    -1.441315

   12.960000,    66.114150,    -1.640665

   12.970000,    66.097743,    -1.833192

   12.980000,    66.079411,    -2.018682

   12.990000,    66.059224,    -2.196929

   13.000000,    66.037255,    -2.367735

   13.010000,    66.013578,    -2.530911

   13.020000,    65.988269,    -2.686274

   13.030000,    65.961406,    -2.833652

   13.040000,    65.933069,    -2.972882

   13.050000,    65.903341,    -3.103809

   13.060000,    65.872303,    -3.226287

   13.070000,    65.840040,    -3.340180

   13.080000,    65.806638,    -3.445362

   13.090000,    65.772184,    -3.541716

   13.100000,    65.736767,    -3.629135

   13.110000,    65.700476,    -3.707521

   13.120000,    65.663401,    -3.776788

   13.130000,    65.625633,    -3.836858

   13.140000,    65.587264,    -3.887665

   13.150000,    65.548387,    -3.929153

   13.160000,    65.509096,    -3.961274

   13.170000,    65.469483,    -3.983995

   13.180000,    65.429643,    -3.997288

   13.190000,    65.389670,    -4.001141

   13.200000,    65.349659,    -3.995547

   13.210000,    65.309703,    -3.980514

   13.220000,    65.269898,    -3.956059

   13.230000,    65.230338,    -3.922207

   13.240000,    65.191116,    -3.878998

   13.250000,    65.152326,    -3.826478

   13.260000,    65.114061,    -3.764707

   13.270000,    65.076414,    -3.693753

   13.280000,    65.039476,    -3.613695

   13.290000,    65.003339,    -3.524622

   13.300000,    64.968093,    -3.426632

   13.310000,    64.933827,    -3.319835

   13.320000,    64.900628,    -3.204349

   13.330000,    64.868585,    -3.080303

   13.340000,    64.837782,    -2.947835

   13.350000,    64.808304,    -2.807091

   13.360000,    64.780233,    -2.658227

   13.370000,    64.753650,    -2.501411

   13.380000,    64.728636,    -2.336815

   13.390000,    64.705268,    -2.164622

   13.400000,    64.683622,    -1.985025

   13.410000,    64.663772,    -1.798222

   13.420000,    64.645789,    -1.604421

   13.430000,    64.629745,    -1.403837

   13.440000,    64.615707,    -1.196693

   13.450000,    64.603740,    -0.983220

   13.460000,    64.593908,    -0.763654

   13.470000,    64.586271,    -0.538240

   13.480000,    64.580889,    -0.307227

   13.490000,    64.577817,    -0.070873

   13.500000,    64.577108,     0.170559

   13.510000,    64.578813,     0.416802

   13.520000,    64.582981,     0.667582

   13.530000,    64.589657,     0.922620

   13.540000,    64.598883,     1.181633

   13.550000,    64.610700,     1.444333

   13.560000,    64.625143,     1.710428

   13.570000,    64.642247,     1.979623

   13.580000,    64.662044,     2.251618

   13.590000,    64.684560,     2.526111

   13.600000,    64.709821,     2.802798

   13.610000,    64.737849,     3.081370

   13.620000,    64.768663,     3.361519

   13.630000,    64.802278,     3.642932

   13.640000,    64.838707,     3.925298

   13.650000,    64.877960,     4.208303

   13.660000,    64.920043,     4.491631

   13.670000,    64.964959,     4.774969

   13.680000,    65.012709,     5.058001

   13.690000,    65.063289,     5.340414

   13.700000,    65.116693,     5.621892

   13.710000,    65.172912,     5.902124

   13.720000,    65.231933,     6.180798

   13.730000,    65.293741,     6.457605

   13.740000,    65.358317,     6.732236

   13.750000,    65.425640,     7.004387

   13.760000,    65.495684,     7.273756

   13.770000,    65.568421,     7.540042

   13.780000,    65.643822,     7.802951

   13.790000,    65.721851,     8.062190

   13.800000,    65.802473,     8.317471

   13.810000,    65.885648,     8.568510

   13.820000,    65.971333,     8.815028

   13.830000,    66.059483,     9.056752

   13.840000,    66.150051,     9.293413

   13.850000,    66.242985,     9.524749

   13.860000,    66.338232,     9.750500

   13.870000,    66.435737,     9.970419

   13.880000,    66.535441,    10.184258

   13.890000,    66.637284,    10.391782

   13.900000,    66.741202,    10.592760

   13.910000,    66.847129,    10.786968

   13.920000,    66.954999,    10.974190

   13.930000,    67.064741,    11.154219

   13.940000,    67.176283,    11.326854

   13.950000,    67.289552,    11.491904

   13.960000,    67.404471,    11.649185

   13.970000,    67.520963,    11.798522

   13.980000,    67.638948,    11.939750

   13.990000,    67.758345,    12.072712

   14.000000,    67.879073,    12.197259

   14.010000,    68.001045,    12.313254

   14.020000,    68.124178,    12.420568

   14.030000,    68.248383,    12.519081

   14.040000,    68.373574,    12.608684

   14.050000,    68.499661,    12.689277

   14.060000,    68.626554,    12.760771

   14.070000,    68.754161,    12.823087

   14.080000,    68.882392,    12.876154

   14.090000,    69.011154,    12.919915

   14.100000,    69.140353,    12.954320

   14.110000,    69.269896,    12.979331

   14.120000,    69.399690,    12.994922

   14.130000,    69.529639,    13.001073

   14.140000,    69.659649,    12.997778

   14.150000,    69.789627,    12.985042

   14.160000,    69.919478,    12.962878

   14.170000,    70.049106,    12.931310

   14.180000,    70.178420,    12.890375

   14.190000,    70.307323,    12.840117

   14.200000,    70.435725,    12.780592

   14.210000,    70.563530,    12.711866

   14.220000,    70.690649,    12.634016

   14.230000,    70.816989,    12.547129

   14.240000,    70.942461,    12.451300

   14.250000,    71.066974,    12.346636

   14.260000,    71.190440,    12.233254

   14.270000,    71.312772,    12.111279

   14.280000,    71.433885,    11.980847

   14.290000,    71.553694,    11.842104

   14.300000,    71.672115,    11.695202

   14.310000,    71.789067,    11.540306

   14.320000,    71.904470,    11.377587

   14.330000,    72.018246,    11.207226

   14.340000,    72.130318,    11.029413

   14.350000,    72.240612,    10.844345

   14.360000,    72.349056,    10.652228

   14.370000,    72.455578,    10.453275

   14.380000,    72.560111,    10.247707

   14.390000,    72.662588,    10.035753

   14.400000,    72.762945,     9.817648

   14.410000,    72.861122,     9.593634

   14.420000,    72.957058,     9.363961

   14.430000,    73.050698,     9.128884

   14.440000,    73.141986,     8.888663

   14.450000,    73.230873,     8.643566

   14.460000,    73.317309,     8.393865

   14.470000,    73.401247,     8.139837

   14.480000,    73.482646,     7.881766

   14.490000,    73.561463,     7.619936

   14.500000,    73.637663,     7.354641

   14.510000,    73.711209,     7.086173

   14.520000,    73.782071,     6.814832

   14.530000,    73.850219,     6.540918

   14.540000,    73.915628,     6.264737

   14.550000,    73.978276,     5.986596

   14.560000,    74.038142,     5.706802

   14.570000,    74.095210,     5.425668

   14.580000,    74.149466,     5.143505

   14.590000,    74.200901,     4.860627

   14.600000,    74.249508,     4.577348

   14.610000,    74.295281,     4.293984

   14.620000,    74.338221,     4.010848

   14.630000,    74.378330,     3.728256

   14.640000,    74.415612,     3.446521

   14.650000,    74.450077,     3.165957

   14.660000,    74.481737,     2.886875

   14.670000,    74.510606,     2.609586

   14.680000,    74.536701,     2.334397

   14.690000,    74.560045,     2.061614

   14.700000,    74.580662,     1.791540

   14.710000,    74.598577,     1.524476

   14.720000,    74.613822,     1.260718

   14.730000,    74.626429,     1.000559

   14.740000,    74.636435,     0.744289

   14.750000,    74.643877,     0.492191

   14.760000,    74.648799,     0.244547

   14.770000,    74.651245,     0.001631

   14.780000,    74.651261,    -0.236287

   14.790000,    74.648898,    -0.468942

   14.800000,    74.644209,    -0.696077

   14.810000,    74.637248,    -0.917437

   14.820000,    74.628074,    -1.132779

   14.830000,    74.616746,    -1.341862

   14.840000,    74.603327,    -1.544454

   14.850000,    74.587883,    -1.740330

   14.860000,    74.570479,    -1.929272

   14.870000,    74.551187,    -2.111070

   14.880000,    74.530076,    -2.285523

   14.890000,    74.507221,    -2.452437

   14.900000,    74.482696,    -2.611625

   14.910000,    74.456580,    -2.762912

   14.920000,    74.428951,    -2.906129

   14.930000,    74.399890,    -3.041116

   14.940000,    74.369479,    -3.167725

   14.950000,    74.337801,    -3.285814

   14.960000,    74.304943,    -3.395252

   14.970000,    74.270991,    -3.495918

   14.980000,    74.236031,    -3.587699

   14.990000,    74.200154,    -3.670494

   15.000000,    74.163450,    -3.744211

   15.010000,    74.126007,    -3.808767

   15.020000,    74.087920,    -3.864091

   15.030000,    74.049279,    -3.910122

   15.040000,    74.010178,    -3.946809

   15.050000,    73.970710,    -3.974110

   15.060000,    73.930968,    -3.991995

   15.070000,    73.891048,    -4.000445

   15.080000,    73.851044,    -3.999450

   15.090000,    73.811050,    -3.989011

   15.100000,    73.771159,    -3.969140

   15.110000,    73.731468,    -3.939859

   15.120000,    73.692069,    -3.901200

   15.130000,    73.653057,    -3.853206

   15.140000,    73.614525,    -3.795931

   15.150000,    73.576566,    -3.729438

   15.160000,    73.539272,    -3.653802

   15.170000,    73.502734,    -3.569106

   15.180000,    73.467043,    -3.475444

   15.190000,    73.432288,    -3.372920

   15.200000,    73.398559,    -3.261649

   15.210000,    73.365942,    -3.141754

   15.220000,    73.334525,    -3.013368

   15.230000,    73.304391,    -2.876633

   15.240000,    73.275625,    -2.731703

   15.250000,    73.248308,    -2.578737

   15.260000,    73.222521,    -2.417906

   15.270000,    73.198341,    -2.249388

   15.280000,    73.175848,    -2.073371

   15.290000,    73.155114,    -1.890051

   15.300000,    73.136213,    -1.699630

   15.310000,    73.119217,    -1.502321

   15.320000,    73.104194,    -1.298342

   15.330000,    73.091210,    -1.087921

   15.340000,    73.080331,    -0.871291

   15.350000,    73.071618,    -0.648693

   15.360000,    73.065131,    -0.420375

   15.370000,    73.060928,    -0.186589

   15.380000,    73.059062,     0.052404

   15.390000,    73.059586,     0.296339

   15.400000,    73.062549,     0.544945

   15.410000,    73.067999,     0.797945

   15.420000,    73.075978,     1.055059

   15.430000,    73.086529,     1.316000

   15.440000,    73.099689,     1.580479

   15.450000,    73.115493,     1.848202

   15.460000,    73.133975,     2.118871

   15.470000,    73.155164,     2.392186

   15.480000,    73.179086,     2.667843

   15.490000,    73.205764,     2.945536

   15.500000,    73.235220,     3.224956

   15.510000,    73.267469,     3.505793

   15.520000,    73.302527,     3.787734

   15.530000,    73.340405,     4.070467

   15.540000,    73.381109,     4.353677

   15.550000,    73.424646,     4.637050

   15.560000,    73.471017,     4.920270

   15.570000,    73.520219,     5.203024

   15.580000,    73.572250,     5.484996

   15.590000,    73.627100,     5.765874

   15.600000,    73.684758,     6.045345

   15.610000,    73.745212,     6.323099

   15.620000,    73.808443,     6.598828

   15.630000,    73.874431,     6.872224

   15.640000,    73.943153,     7.142985

   15.650000,    74.014583,     7.410809

   15.660000,    74.088691,     7.675399

   15.670000,    74.165445,     7.936461

   15.680000,    74.244810,     8.193704

   15.690000,    74.326747,     8.446843

   15.700000,    74.411215,     8.695597

   15.710000,    74.498171,     8.939689

   15.720000,    74.587568,     9.178848

   15.730000,    74.679357,     9.412809

   15.740000,    74.773485,     9.641311

   15.750000,    74.869898,     9.864100

   15.760000,    74.968539,    10.080929

   15.770000,    75.069348,    10.291557

   15.780000,    75.172264,    10.495750

   15.790000,    75.277221,    10.693281

   15.800000,    75.384154,    10.883930

   15.810000,    75.492993,    11.067486

   15.820000,    75.603668,    11.243746

   15.830000,    75.716106,    11.412512

   15.840000,    75.830231,    11.573597

   15.850000,    75.945967,    11.726823

   15.860000,    76.063235,    11.872019

   15.870000,    76.181955,    12.009024

   15.880000,    76.302045,    12.137686

   15.890000,    76.423422,    12.257861

   15.900000,    76.546001,    12.369417

   15.910000,    76.669695,    12.472228

   15.920000,    76.794417,    12.566182

   15.930000,    76.920079,    12.651173

   15.940000,    77.046591,    12.727107

   15.950000,    77.173862,    12.793901

   15.960000,    77.301801,    12.851478

   15.970000,    77.430316,    12.899776

   15.980000,    77.559313,    12.938742

   15.990000,    77.688701,    12.968330

   16.000000,    77.818384,    12.988510

   16.010000,    77.948269,    12.999258

   16.020000,    78.078262,    13.000562

   16.030000,    78.208267,    12.992421

   16.040000,    78.338192,    12.974844

   16.050000,    78.467940,    12.947851

   16.060000,    78.597419,    12.911471

   16.070000,    78.726533,    12.865745

   16.080000,    78.855191,    12.810724

   16.090000,    78.983298,    12.746469

   16.100000,    79.110763,    12.673051

   16.110000,    79.237493,    12.590551

   16.120000,    79.363399,    12.499063

   16.130000,    79.488389,    12.398686

   16.140000,    79.612376,    12.289533

   16.150000,    79.735272,    12.171725

   16.160000,    79.856989,    12.045393

   16.170000,    79.977443,    11.910677

   16.180000,    80.096550,    11.767727

   16.190000,    80.214227,    11.616702

   16.200000,    80.330394,    11.457769

   16.210000,    80.444972,    11.291106

   16.220000,    80.557883,    11.116897

   16.230000,    80.669052,    10.935336

   16.240000,    80.778405,    10.746624

   16.250000,    80.885871,    10.550972

   16.260000,    80.991381,    10.348596

   16.270000,    81.094867,    10.139722

   16.280000,    81.196264,     9.924581

   16.290000,    81.295510,     9.703414

   16.300000,    81.392544,     9.476464

   16.310000,    81.487309,     9.243986

   16.320000,    81.579748,     9.006236

   16.330000,    81.669811,     8.763479

   16.340000,    81.757446,     8.515985

   16.350000,    81.842605,     8.264029

   16.360000,    81.925246,     8.007890

   16.370000,    82.005325,     7.747854

   16.380000,    82.082803,     7.484210

   16.390000,    82.157645,     7.217249

   16.400000,    82.229818,     6.947269

   16.410000,    82.299290,     6.674570

   16.420000,    82.366036,     6.399455

   16.430000,    82.430031,     6.122229

   16.440000,    82.491253,     5.843201

   16.450000,    82.549685,     5.562681

   16.460000,    82.605312,     5.280979

   16.470000,    82.658122,     4.998410

   16.480000,    82.708106,     4.715288

   16.490000,    82.755259,     4.431925

   16.500000,    82.799578,     4.148639

   16.510000,    82.841064,     3.865743

   16.520000,    82.879722,     3.583552

   16.530000,    82.915557,     3.302379

   16.540000,    82.948581,     3.022536

   16.550000,    82.978806,     2.744336

   16.560000,    83.006250,     2.468086

   16.570000,    83.030931,     2.194093

   16.580000,    83.052872,     1.922663

   16.590000,    83.072098,     1.654097

   16.600000,    83.088639,     1.388692

   16.610000,    83.102526,     1.126745

   16.620000,    83.113793,     0.868546

   16.630000,    83.122479,     0.614382

   16.640000,    83.128623,     0.364535

   16.650000,    83.132268,     0.119283

   16.660000,    83.133461,    -0.121102

   16.670000,    83.132250,    -0.356352

   16.680000,    83.128686,    -0.586206

   16.690000,    83.122824,    -0.810409

   16.700000,    83.114720,    -1.028711

   16.710000,    83.104433,    -1.240870

   16.720000,    83.092024,    -1.446651

   16.730000,    83.077558,    -1.645824

   16.740000,    83.061100,    -1.838168

   16.750000,    83.042718,    -2.023470

   16.760000,    83.022483,    -2.201524

   16.770000,    83.000468,    -2.372132

   16.780000,    82.976747,    -2.535103

   16.790000,    82.951396,    -2.690258

   16.800000,    82.924493,    -2.837424

   16.810000,    82.896119,    -2.976438

   16.820000,    82.866355,    -3.107144

   16.830000,    82.835283,    -3.229397

   16.840000,    82.802989,    -3.343063

   16.850000,    82.769558,    -3.448014

   16.860000,    82.735078,    -3.544133

   16.870000,    82.699637,    -3.631315

   16.880000,    82.663324,    -3.709462

   16.890000,    82.626229,    -3.778488

   16.900000,    82.588444,    -3.838315

   16.910000,    82.550061,    -3.888877

   16.920000,    82.511172,    -3.930119

   16.930000,    82.471871,    -3.961993

   16.940000,    82.432251,    -3.984466

   16.950000,    82.392407,    -3.997511

   16.960000,    82.352432,    -4.001114

   16.970000,    82.312420,    -3.995272

   16.980000,    82.272468,    -3.979991

   16.990000,    82.232668,    -3.955287

   17.000000,    82.193115,    -3.921189

   17.010000,    82.153903,    -3.877734

   17.020000,    82.115126,    -3.824970

   17.030000,    82.076876,    -3.762956

   17.040000,    82.039246,    -3.691761

   17.050000,    82.002329,    -3.611465

   17.060000,    81.966214,    -3.522155

   17.070000,    81.930993,    -3.423932

   17.080000,    81.896753,    -3.316904

   17.090000,    81.863584,    -3.201192

   17.100000,    81.831572,    -3.076922

   17.110000,    81.800803,    -2.944233

   17.120000,    81.771361,    -2.803273

   17.130000,    81.743328,    -2.654199

   17.140000,    81.716786,    -2.497175

   17.150000,    81.691814,    -2.332377

   17.160000,    81.668491,    -2.159987

   17.170000,    81.646891,    -1.980197

   17.180000,    81.627089,    -1.793207

   17.190000,    81.609157,    -1.599224

   17.200000,    81.593164,    -1.398464

   17.210000,    81.579180,    -1.191151

   17.220000,    81.567268,    -0.977514

   17.230000,    81.557493,    -0.757791

   17.240000,    81.549915,    -0.532226

   17.250000,    81.544593,    -0.301070

   17.260000,    81.541582,    -0.064579

   17.270000,    81.540936,     0.176984

   17.280000,    81.542706,     0.423350

   17.290000,    81.546940,     0.674245

   17.300000,    81.553682,     0.929392

   17.310000,    81.562976,     1.188505

   17.320000,    81.574861,     1.451299

   17.330000,    81.589374,     1.717479

   17.340000,    81.606549,     1.986752

   17.350000,    81.626416,     2.258816

   17.360000,    81.649005,     2.533371

   17.370000,    81.674338,     2.810112

   17.380000,    81.702439,     3.088729

   17.390000,    81.733327,     3.368915

   17.400000,    81.767016,     3.650358

   17.410000,    81.803519,     3.932745

   17.420000,    81.842847,     4.215762

   17.430000,    81.885005,     4.499095

   17.440000,    81.929995,     4.782428

   17.450000,    81.977820,     5.065448

   17.460000,    82.028474,     5.347840

   17.470000,    82.081953,     5.629290

   17.480000,    82.138246,     5.909485

   17.490000,    82.197340,     6.188114

   17.500000,    82.259222,     6.464867

   17.510000,    82.323870,     6.739437

   17.520000,    82.391265,     7.011519

   17.530000,    82.461380,     7.280810

   17.540000,    82.534188,     7.547011

   17.550000,    82.609658,     7.809827

   17.560000,    82.687756,     8.068965

   17.570000,    82.768446,     8.324138

   17.580000,    82.851687,     8.575061

   17.590000,    82.937438,     8.821457

   17.600000,    83.025652,     9.063051

   17.610000,    83.116283,     9.299575

   17.620000,    83.209279,     9.530767

   17.630000,    83.304586,     9.756368

   17.640000,    83.402150,     9.976129

   17.650000,    83.501911,    10.189806

   17.660000,    83.603809,    10.397160

   17.670000,    83.707781,    10.597962

   17.680000,    83.813761,    10.791989

   17.690000,    83.921681,    10.979025

   17.700000,    84.031471,    11.158861

   17.710000,    84.143059,    11.331299

   17.720000,    84.256372,    11.496146

   17.730000,    84.371334,    11.653220

   17.740000,    84.487866,    11.802346

   17.750000,    84.605890,    11.943359

   17.760000,    84.725323,    12.076101

   17.770000,    84.846084,    12.200425

   17.780000,    84.968088,    12.316193

   17.790000,    85.091250,    12.423276

   17.800000,    85.215483,    12.521556

   17.810000,    85.340699,    12.610922

   17.820000,    85.466808,    12.691277

   17.830000,    85.593721,    12.762530

   17.840000,    85.721346,    12.824603

   17.850000,    85.849592,    12.877426

   17.860000,    85.978366,    12.920941

   17.870000,    86.107576,    12.955099

   17.880000,    86.237127,    12.979863

   17.890000,    86.366925,    12.995205

   17.900000,    86.496877,    13.001107

   17.910000,    86.626888,    12.997564

   17.920000,    86.756864,    12.984579

   17.930000,    86.886710,    12.962167

   17.940000,    87.016331,    12.930352

   17.950000,    87.145635,    12.889171

   17.960000,    87.274527,    12.838668

   17.970000,    87.402913,    12.778900

   17.980000,    87.530702,    12.709933

   17.990000,    87.657802,    12.631844

   18.000000,    87.784120,    12.544719

   18.010000,    87.909567,    12.448656

   18.020000,    88.034054,    12.343761

   18.030000,    88.157491,    12.230151

   18.040000,    88.279793,    12.107952

   18.050000,    88.400872,    11.977299

   18.060000,    88.520645,    11.838339

   18.070000,    88.639029,    11.691224

   18.080000,    88.755941,    11.536120

   18.090000,    88.871302,    11.373197

   18.100000,    88.985034,    11.202638

   18.110000,    89.097061,    11.024631

   18.120000,    89.207307,    10.839375

   18.130000,    89.315701,    10.647075

   18.140000,    89.422171,    10.447945

   18.150000,    89.526651,    10.242206

   18.160000,    89.629073,    10.030086

   18.170000,    89.729374,     9.811823

   18.180000,    89.827492,     9.587657

   18.190000,    89.923369,     9.357838

   18.200000,    90.016947,     9.122622

   18.210000,    90.108173,     8.882269

   18.220000,    90.196996,     8.637047

   18.230000,    90.283366,     8.387229

   18.240000,    90.367239,     8.133091

   18.250000,    90.448570,     7.874917

   18.260000,    90.527319,     7.612993

   18.270000,    90.603449,     7.347609

   18.280000,    90.676925,     7.079062

   18.290000,    90.747715,     6.807649

   18.300000,    90.815792,     6.533673

   18.310000,    90.881129,     6.257436

   18.320000,    90.943703,     5.979247

   18.330000,    91.003495,     5.699414

   18.340000,    91.060490,     5.418248

   18.350000,    91.114672,     5.136063

   18.360000,    91.166033,     4.853170

   18.370000,    91.214564,     4.569885

   18.380000,    91.260263,     4.286523

   18.390000,    91.303128,     4.003397

   18.400000,    91.343162,     3.720824

   18.410000,    91.380371,     3.439116

   18.420000,    91.414762,     3.158587

   18.430000,    91.446348,     2.879548

   18.440000,    91.475143,     2.602310

   18.450000,    91.501166,     2.327180

   18.460000,    91.524438,     2.054465

   18.470000,    91.544983,     1.784467

   18.480000,    91.562827,     1.517486

   18.490000,    91.578002,     1.253819

   18.500000,    91.590540,     0.993759

   18.510000,    91.600478,     0.737595

   18.520000,    91.607854,     0.485611

   18.530000,    91.612710,     0.238088

   18.540000,    91.615091,    -0.004700

   18.550000,    91.615044,    -0.242483

   18.560000,    91.612619,    -0.474996

   18.570000,    91.607869,    -0.701982

   18.580000,    91.600849,    -0.923187

   18.590000,    91.591618,    -1.138367

   18.600000,    91.580234,    -1.347282

   18.610000,    91.566761,    -1.549699

   18.620000,    91.551264,    -1.745395

   18.630000,    91.533810,    -1.934152

   18.640000,    91.514469,    -2.115760

   18.650000,    91.493311,    -2.290017

   18.660000,    91.470411,    -2.456729

   18.670000,    91.445844,    -2.615711

   18.680000,    91.419686,    -2.766788

   18.690000,    91.392019,    -2.909790

   18.700000,    91.362921,    -3.044559

   18.710000,    91.332475,    -3.170945

   18.720000,    91.300766,    -3.288808

   18.730000,    91.267878,    -3.398016

   18.740000,    91.233897,    -3.498449

   18.750000,    91.198913,    -3.589995

   18.760000,    91.163013,    -3.672552

   18.770000,    91.126287,    -3.746029

   18.780000,    91.088827,    -3.810343

   18.790000,    91.050724,    -3.865423

   18.800000,    91.012069,    -3.911209

   18.810000,    90.972957,    -3.947648

   18.820000,    90.933481,    -3.974702

   18.830000,    90.893734,    -3.992339

   18.840000,    90.853810,    -4.000540

   18.850000,    90.813805,    -3.999296

   18.860000,    90.773812,    -3.988609

   18.870000,    90.733926,    -3.968489

   18.880000,    90.694241,    -3.938961

   18.890000,    90.654852,    -3.900055

   18.900000,    90.615851,    -3.851816

   18.910000,    90.577333,    -3.794298

   18.920000,    90.539390,    -3.727563

   18.930000,    90.502114,    -3.651687

   18.940000,    90.465597,    -3.566753

   18.950000,    90.429930,    -3.472857

   18.960000,    90.395201,    -3.370101

   18.970000,    90.361500,    -3.258601

   18.980000,    90.328914,    -3.138481

   18.990000,    90.297529,    -3.009873

   19.000000,    90.267431,    -2.872921

   19.010000,    90.238701,    -2.727776

   19.020000,    90.211424,    -2.574601

   19.030000,    90.185678,    -2.413566

   19.040000,    90.161542,    -2.244848

   19.050000,    90.139094,    -2.068636

   19.060000,    90.118407,    -1.885126

   19.070000,    90.099556,    -1.694521

   19.080000,    90.082611,    -1.497033

   19.090000,    90.067640,    -1.292882

   19.100000,    90.054712,    -1.082295

   19.110000,    90.043889,    -0.865504

   19.120000,    90.035234,    -0.642753

   19.130000,    90.028806,    -0.414287

   19.140000,    90.024663,    -0.180360

   19.150000,    90.022860,     0.058766

   19.160000,    90.023447,     0.302828

   19.170000,    90.026476,     0.551553

   19.180000,    90.031991,     0.804665

   19.190000,    90.040038,     1.061883

   19.200000,    90.050657,     1.322921

   19.210000,    90.063886,     1.587489

   19.220000,    90.079761,     1.855294

   19.230000,    90.098314,     2.126037

   19.240000,    90.119574,     2.399417

   19.250000,    90.143568,     2.675132

   19.260000,    90.170319,     2.952874

   19.270000,    90.199848,     3.232336

   19.280000,    90.232172,     3.513205

   19.290000,    90.267304,     3.795172

   19.300000,    90.305255,     4.077921

   19.310000,    90.346035,     4.361140

   19.320000,    90.389646,     4.644512

   19.330000,    90.436091,     4.927724

   19.340000,    90.485368,     5.210461

   19.350000,    90.537473,     5.492409

   19.360000,    90.592397,     5.773253

   19.370000,    90.650129,     6.052683

   19.380000,    90.710656,     6.330388

   19.390000,    90.773960,     6.606059

   19.400000,    90.840021,     6.879390

   19.410000,    90.908815,     7.150078

   19.420000,    90.980315,     7.417820

   19.430000,    91.054494,     7.682321

   19.440000,    91.131317,     7.943286

   19.450000,    91.210750,     8.200425

   19.460000,    91.292754,     8.453452

   19.470000,    91.377289,     8.702087

   19.480000,    91.464309,     8.946052

   19.490000,    91.553770,     9.185078

   19.500000,    91.645621,     9.418898

   19.510000,    91.739810,     9.647252

   19.520000,    91.836282,     9.869888

   19.530000,    91.934981,    10.086556

   19.540000,    92.035847,    10.297018

   19.550000,    92.138817,    10.501038

   19.560000,    92.243827,    10.698391

   19.570000,    92.350811,    10.888856

   19.580000,    92.459700,    11.072223

   19.590000,    92.570422,    11.248287

   19.600000,    92.682905,    11.416853

   19.610000,    92.797073,    11.577734

   19.620000,    92.912851,    11.730751

   19.630000,    93.030158,    11.875733

   19.640000,    93.148915,    12.012520

   19.650000,    93.269041,    12.140960

   19.660000,    93.390450,    12.260910

   19.670000,    93.513059,    12.372237

   19.680000,    93.636782,    12.474817

   19.690000,    93.761530,    12.568536

   19.700000,    93.887215,    12.653289

   19.710000,    94.013748,    12.728984

   19.720000,    94.141038,    12.795535

   19.730000,    94.268993,    12.852869

   19.740000,    94.397522,    12.900923

   19.750000,    94.526531,    12.939641

   19.760000,    94.655928,    12.968983

   19.770000,    94.785618,    12.988914

   19.780000,    94.915507,    12.999413

   19.790000,    95.045501,    13.000469

   19.800000,    95.175505,    12.992079

   19.810000,    95.305426,    12.974254

   19.820000,    95.435169,    12.947013

   19.830000,    95.564639,    12.910387

   19.840000,    95.693743,    12.864415

   19.850000,    95.822387,    12.809150

   19.860000,    95.950478,    12.744652

   19.870000,    96.077925,    12.670994

   19.880000,    96.204635,    12.588257

   19.890000,    96.330518,    12.496533

   19.900000,    96.455483,    12.395923

   19.910000,    96.579442,    12.286541

   19.920000,    96.702307,    12.168507

   19.930000,    96.823993,    12.041952

   19.940000,    96.944412,    11.907017

   19.950000,    97.063482,    11.763853

   19.960000,    97.181121,    11.612617

   19.970000,    97.297247,    11.453479

   19.980000,    97.411782,    11.286614

   19.990000,    97.524648,    11.112209
