
    0.050000     0.196000
    0.100000     0.391020
    0.150000     0.585060
    0.200000     0.778120
    0.250000     0.970200
    0.300000     1.161300
    0.350000     1.351420
    0.400000     1.540560
    0.450000     1.728720
    0.500000     1.915900
    0.550000     2.102100
    0.600000     2.287320
    0.650000     2.471560
    0.700000     2.654820
    0.750000     2.837100
    0.800000     3.018400
    0.850000     3.198720
    0.900000     3.378060
    0.950000     3.556420
    1.000000     3.733800
    1.050000     3.910200
    1.100000     4.085620
    1.150000     4.260060
    1.200000     4.433520
    1.250000     4.606000
    1.300000     4.777500
    1.350000     4.948020
    1.400000     5.117560
    1.450000     5.286120
    1.500000     5.453700
    1.550000     5.620300
    1.600000     5.785920
    1.650000     5.950560
    1.700000     6.114220
    1.750000     6.276900
    1.800000     6.438600
    1.850000     6.599320
    1.900000     6.759060
    1.950000     6.917820
    2.000000     7.075600
    2.050000     7.232400
    2.100000     7.388220
    2.150000     7.543060
    2.200000     7.696920
    2.250000     7.849800
    2.300000     8.001700
    2.350000     8.152620
    2.400000     8.302560
    2.450000     8.451520
    2.500000     8.599500
    2.550000     8.746500
    2.600000     8.892520
    2.650000     9.037560
    2.700000     9.181620
    2.750000     9.324700
    2.800000     9.466800
    2.850000     9.607920
    2.900000     9.748060
    2.950000     9.887220
    3.000000    10.025400
    3.050000    10.162600
    3.100000    10.298820
    3.150000    10.434060
    3.200000    10.568320
    3.250000    10.701600
    3.300000    10.833900
    3.350000    10.965220
    3.400000    11.095560
    3.450000    11.224920
    3.500000    11.353300
    3.550000    11.480700
    3.600000    11.607120
    3.650000    11.732560
    3.700000    11.857020
    3.750000    11.980500
    3.800000    12.103000
    3.850000    12.224520
    3.900000    12.345060
    3.950000    12.464620
    4.000000    12.583200
    4.050000    12.700800
    4.100000    12.817420
    4.150000    12.933060
    4.200000    13.047720
    4.250000    13.161400
    4.300000    13.274100
    4.350000    13.385820
    4.400000    13.496560
    4.450000    13.606320
    4.500000    13.715100
    4.550000    13.822900
    4.600000    13.929720
    4.650000    14.035560
    4.700000    14.140420
    4.750000    14.244300
    4.800000    14.347200
    4.850000    14.449120
    4.900000    14.550060
    4.950000    14.650020
    5.000000    14.749000
    5.050000    14.847000
    5.100000    14.944020
    5.150000    15.040060
    5.200000    15.135120
    5.250000    15.229200
    5.300000    15.322300
    5.350000    15.414420
    5.400000    15.505560
    5.450000    15.595720
    5.500000    15.684900
    5.550000    15.773100
    5.600000    15.860320
    5.650000    15.946560
    5.700000    16.031820
    5.750000    16.116100
    5.800000    16.199400
    5.850000    16.281720
    5.900000    16.363060
    5.950000    16.443420
    6.000000    16.522800
    6.050000    16.601200
    6.100000    16.678620
    6.150000    16.755060
    6.200000    16.830520
    6.250000    16.905000
    6.300000    16.978500
    6.350000    17.051020
    6.400000    17.122560
    6.450000    17.193120
    6.500000    17.262700
    6.550000    17.331300
    6.600000    17.398920
    6.650000    17.465560
    6.700000    17.531220
    6.750000    17.595900
    6.800000    17.659600
    6.850000    17.722320
    6.900000    17.784060
    6.950000    17.844820
    7.000000    17.904600
    7.050000    17.963400
    7.100000    18.021220
    7.150000    18.078060
    7.200000    18.133920
    7.250000    18.188800
    7.300000    18.242700
    7.350000    18.295620
    7.400000    18.347560
    7.450000    18.398520
    7.500000    18.448500
    7.550000    18.497500
    7.600000    18.545520
    7.650000    18.592560
    7.700000    18.638620
    7.750000    18.683700
    7.800000    18.727800
    7.850000    18.770920
    7.900000    18.813060
    7.950000    18.854220
    8.000000    18.894400
    8.050000    18.933600
    8.100000    18.971820
    8.150000    19.009060
    8.200000    19.045320
    8.250000    19.080600
    8.300000    19.114900
    8.350000    19.148220
    8.400000    19.180560
    8.450000    19.211920
    8.500000    19.242300
    8.550000    19.271700
    8.600000    19.300120
    8.650000    19.327560
    8.700000    19.354020
    8.750000    19.379500
    8.800000    19.404000
    8.850000    19.427520
    8.900000    19.450060
    8.950000    19.471620
    9.000000    19.492200
    9.050000    19.511800
    9.100000    19.530420
    9.150000    19.548060
    9.200000    19.564720
    9.250000    19.580400
    9.300000    19.595100
    9.350000    19.608820
    9.400000    19.621560
    9.450000    19.633320
    9.500000    19.644100
    9.550000    19.653900
    9.600000    19.662720
    9.650000    19.670560
    9.700000    19.677420
    9.750000    19.683300
    9.800000    19.688200
    9.850000    19.692120
    9.900000    19.695060
    9.950000    19.697020
   10.000000    19.698000
   10.050000    19.698000
   10.100000    19.697020
   10.150000    19.695060
   10.200000    19.692120
   10.250000    19.688200
   10.300000    19.683300
   10.350000    19.677420
   10.400000    19.670560
   10.450000    19.662720
   10.500000    19.653900
   10.550000    19.644100
   10.600000    19.633320
   10.650000    19.621560
   10.700000    19.608820
   10.750000    19.595100
   10.800000    19.580400
   10.850000    19.564720
   10.900000    19.548060
   10.950000    19.530420
   11.000000    19.511800
   11.050000    19.492200
   11.100000    19.471620
   11.150000    19.450060
   11.200000    19.427520
   11.250000    19.404000
   11.300000    19.379500
   11.350000    19.354020
   11.400000    19.327560
   11.450000    19.300120
   11.500000    19.271700
   11.550000    19.242300
   11.600000    19.211920
   11.650000    19.180560
   11.700000    19.148220
   11.750000    19.114900
   11.800000    19.080600
   11.850000    19.045320
   11.900000    19.009060
   11.950000    18.971820
   12.000000    18.933600
   12.050000    18.894400
   12.100000    18.854220
   12.150000    18.813060
   12.200000    18.770920
   12.250000    18.727800
   12.300000    18.683700
   12.350000    18.638620
   12.400000    18.592560
   12.450000    18.545520
   12.500000    18.497500
   12.550000    18.448500
   12.600000    18.398520
   12.650000    18.347560
   12.700000    18.295620
   12.750000    18.242700
   12.800000    18.188800
   12.850000    18.133920
   12.900000    18.078060
   12.950000    18.021220
   13.000000    17.963400
   13.050000    17.904600
   13.100000    17.844820
   13.150000    17.784060
   13.200000    17.722320
   13.250000    17.659600
   13.300000    17.595900
   13.350000    17.531220
   13.400000    17.465560
   13.450000    17.398920
   13.500000    17.331300
   13.550000    17.262700
   13.600000    17.193120
   13.650000    17.122560
   13.700000    17.051020
   13.750000    16.978500
   13.800000    16.905000
   13.850000    16.830520
   13.900000    16.755060
   13.950000    16.678620
   14.000000    16.601200
   14.050000    16.522800
   14.100000    16.443420
   14.150000    16.363060
   14.200000    16.281720
   14.250000    16.199400
   14.300000    16.116100
   14.350000    16.031820
   14.400000    15.946560
   14.450000    15.860320
   14.500000    15.773100
   14.550000    15.684900
   14.600000    15.595720
   14.650000    15.505560
   14.700000    15.414420
   14.750000    15.322300
   14.800000    15.229200
   14.850000    15.135120
   14.900000    15.040060
   14.950000    14.944020
   15.000000    14.847000
   15.050000    14.749000
   15.100000    14.650020
   15.150000    14.550060
   15.200000    14.449120
   15.250000    14.347200
   15.300000    14.244300
   15.350000    14.140420
   15.400000    14.035560
   15.450000    13.929720
   15.500000    13.822900
   15.550000    13.715100
   15.600000    13.606320
   15.650000    13.496560
   15.700000    13.385820
   15.750000    13.274100
   15.800000    13.161400
   15.850000    13.047720
   15.900000    12.933060
   15.950000    12.817420
   16.000000    12.700800
   16.050000    12.583200
   16.100000    12.464620
   16.150000    12.345060
   16.200000    12.224520
   16.250000    12.103000
   16.300000    11.980500
   16.350000    11.857020
   16.400000    11.732560
   16.450000    11.607120
   16.500000    11.480700
   16.550000    11.353300
   16.600000    11.224920
   16.650000    11.095560
   16.700000    10.965220
   16.750000    10.833900
   16.800000    10.701600
   16.850000    10.568320
   16.900000    10.434060
   16.950000    10.298820
   17.000000    10.162600
   17.050000    10.025400
   17.100000     9.887220
   17.150000     9.748060
   17.200000     9.607920
   17.250000     9.466800
   17.300000     9.324700
   17.350000     9.181620
   17.400000     9.037560
   17.450000     8.892520
   17.500000     8.746500
   17.550000     8.599500
   17.600000     8.451520
   17.650000     8.302560
   17.700000     8.152620
   17.750000     8.001700
   17.800000     7.849800
   17.850000     7.696920
   17.900000     7.543060
   17.950000     7.388220
   18.000000     7.232400
   18.050000     7.075600
   18.100000     6.917820
   18.150000     6.759060
   18.200000     6.599320
   18.250000     6.438600
   18.300000     6.276900
   18.350000     6.114220
   18.400000     5.950560
   18.450000     5.785920
   18.500000     5.620300
   18.550000     5.453700
   18.600000     5.286120
   18.650000     5.117560
   18.700000     4.948020
   18.750000     4.777500
   18.800000     4.606000
   18.850000     4.433520
   18.900000     4.260060
   18.950000     4.085620
   19.000000     3.910200
   19.050000     3.733800
   19.100000     3.556420
   19.150000     3.378060
   19.200000     3.198720
   19.250000     3.018400
   19.300000     2.837100
   19.350000     2.654820
   19.400000     2.471560
   19.450000     2.287320
   19.500000     2.102100
   19.550000     1.915900
   19.600000     1.728720
   19.650000     1.540560
   19.700000     1.351420
   19.750000     1.161300
   19.800000     0.970200
   19.850000     0.778120
   19.900000     0.585060
   19.950000     0.391020
   20.000000     0.196000
   20.050000    -0.000000
   20.100000    -0.196980
   20.150000    -0.394940
   20.200000    -0.593880
   20.250000    -0.793800
   20.300000    -0.994700
   20.350000    -1.196580
   20.400000    -1.399440
   20.450000    -1.603280
   20.500000    -1.808100
   20.550000    -2.013900
   20.600000    -2.220680
   20.650000    -2.428440
   20.700000    -2.637180
   20.750000    -2.846900
   20.800000    -3.057600
   20.850000    -3.269280
   20.900000    -3.481940
   20.950000    -3.695580
   21.000000    -3.910200
   21.050000    -4.125800
   21.100000    -4.342380
   21.150000    -4.559940
   21.200000    -4.778480
   21.250000    -4.998000
   21.300000    -5.218500
   21.350000    -5.439980
   21.400000    -5.662440
   21.450000    -5.885880
   21.500000    -6.110300
   21.550000    -6.335700
   21.600000    -6.562080
   21.650000    -6.789440
   21.700000    -7.017780
   21.750000    -7.247100
   21.800000    -7.477400
   21.850000    -7.708680
   21.900000    -7.940940
   21.950000    -8.174180
   22.000000    -8.408400
   22.050000    -8.643600
   22.100000    -8.879780
   22.150000    -9.116940
   22.200000    -9.355080
   22.250000    -9.594200
   22.300000    -9.834300
   22.350000   -10.075380
   22.400000   -10.317440
   22.450000   -10.560480
   22.500000   -10.804500
   22.550000   -11.049500
   22.600000   -11.295480
   22.650000   -11.542440
   22.700000   -11.790380
   22.750000   -12.039300
   22.800000   -12.289200
   22.850000   -12.540080
   22.900000   -12.791940
   22.950000   -13.044780
   23.000000   -13.298600
   23.050000   -13.553400
   23.100000   -13.809180
   23.150000   -14.065940
   23.200000   -14.323680
   23.250000   -14.582400
   23.300000   -14.842100
   23.350000   -15.102780
   23.400000   -15.364440
   23.450000   -15.627080
   23.500000   -15.890700
   23.550000   -16.155300
   23.600000   -16.420880
   23.650000   -16.687440
   23.700000   -16.954980
   23.750000   -17.223500
   23.800000   -17.493000
   23.850000   -17.763480
   23.900000   -18.034940
   23.950000   -18.307380
   24.000000   -18.580800
   24.050000   -18.855200
   24.100000   -19.130580
   24.150000   -19.406940
   24.200000   -19.684280
   24.250000   -19.962600
   24.300000   -20.241900
   24.350000   -20.522180
   24.400000   -20.803440
   24.450000   -21.085680
   24.500000   -21.368900
   24.550000   -21.653100
   24.600000   -21.938280
   24.650000   -22.224440
   24.700000   -22.511580
   24.750000   -22.799700
   24.800000   -23.088800
   24.850000   -23.378880
   24.900000   -23.669940
   24.950000   -23.961980
   25.000000   -24.255000
   25.050000   -24.549000
   25.100000   -24.843980
   25.150000   -25.139940
   25.200000   -25.436880
   25.250000   -25.734800
   25.300000   -26.033700
   25.350000   -26.333580
   25.400000   -26.634440
   25.450000   -26.936280
   25.500000   -27.239100
   25.550000   -27.542900
   25.600000   -27.847680
   25.650000   -28.153440
   25.700000   -28.460180
   25.750000   -28.767900
   25.800000   -29.076600
   25.850000   -29.386280
   25.900000   -29.696940
   25.950000   -30.008580
   26.000000   -30.321200
   26.050000   -30.634800
   26.100000   -30.949380
   26.150000   -31.264940
   26.200000   -31.581480
   26.250000   -31.899000
   26.300000   -32.217500
   26.350000   -32.536980
   26.400000   -32.857440
   26.450000   -33.178880
   26.500000   -33.501300
   26.550000   -33.824700
   26.600000   -34.149080
   26.650000   -34.474440
   26.700000   -34.800780
   26.750000   -35.128100
   26.800000   -35.456400
   26.850000   -35.785680
   26.900000   -36.115940
   26.950000   -36.447180
   27.000000   -36.779400
   27.050000   -37.112600
   27.100000   -37.446780
   27.150000   -37.781940
   27.200000   -38.118080
   27.250000   -38.455200
   27.300000   -38.793300
   27.350000   -39.132380
   27.400000   -39.472440
   27.450000   -39.813480
   27.500000   -40.155500
   27.550000   -40.498500
   27.600000   -40.842480
   27.650000   -41.187440
   27.700000   -41.533380
   27.750000   -41.880300
   27.800000   -42.228200
   27.850000   -42.577080
   27.900000   -42.926940
   27.950000   -43.277780
   28.000000   -43.629600
   28.050000   -43.982400
   28.100000   -44.336180
   28.150000   -44.690940
   28.200000   -45.046680
   28.250000   -45.403400
   28.300000   -45.761100
   28.350000   -46.119780
   28.400000   -46.479440
   28.450000   -46.840080
   28.500000   -47.201700
   28.550000   -47.564300
   28.600000   -47.927880
   28.650000   -48.292440
   28.700000   -48.657980
   28.750000   -49.024500
   28.800000   -49.392000
   28.850000   -49.760480
   28.900000   -50.129940
   28.950000   -50.500380
   29.000000   -50.871800
   29.050000   -51.244200
   29.100000   -51.617580
   29.150000   -51.991940
   29.200000   -52.367280
   29.250000   -52.743600
   29.300000   -53.120900
   29.350000   -53.499180
   29.400000   -53.878440
   29.450000   -54.258680
   29.500000   -54.639900
   29.550000   -55.022100
   29.600000   -55.405280
   29.650000   -55.789440
   29.700000   -56.174580
   29.750000   -56.560700
   29.800000   -56.947800
   29.850000   -57.335880
   29.900000   -57.724940
   29.950000   -58.114980
   30.000000   -58.506000
   30.050000   -58.898000
   30.100000   -59.290980
   30.150000   -59.684940
   30.200000   -60.079880
   30.250000   -60.475800
   30.300000   -60.872700
   30.350000   -61.270580
   30.400000   -61.669440
   30.450000   -62.069280
   30.500000   -62.470100
   30.550000   -62.871900
   30.600000   -63.274680
   30.650000   -63.678440
   30.700000   -64.083180
   30.750000   -64.488900
   30.800000   -64.895600
   30.850000   -65.303280
   30.900000   -65.711940
   30.950000   -66.121580
   31.000000   -66.532200
   31.050000   -66.943800
   31.100000   -67.356380
   31.150000   -67.769940
   31.200000   -68.184480
   31.250000   -68.600000
   31.300000   -69.016500
   31.350000   -69.433980
   31.400000   -69.852440
   31.450000   -70.271880
   31.500000   -70.692300
   31.550000   -71.113700
   31.600000   -71.536080
   31.650000   -71.959440
   31.700000   -72.383780
   31.750000   -72.809100
   31.800000   -73.235400
   31.850000   -73.662680
   31.900000   -74.090940
   31.950000   -74.520180
   32.000000   -74.950400
   32.050000   -75.381600
   32.100000   -75.813780
   32.150000   -76.246940
   32.200000   -76.681080
   32.250000   -77.116200
   32.300000   -77.552300
   32.350000   -77.989380
   32.400000   -78.427440
   32.450000   -78.866480
   32.500000   -79.306500
   32.550000   -79.747500
   32.600000   -80.189480
   32.650000   -80.632440
   32.700000   -81.076380
   32.750000   -81.521300
   32.800000   -81.967200
   32.850000   -82.414080
   32.900000   -82.861940
   32.950000   -83.310780
   33.000000   -83.760600
   33.050000   -84.211400
   33.100000   -84.663180
   33.150000   -85.115940
   33.200000   -85.569680
   33.250000   -86.024400
   33.300000   -86.480100
   33.350000   -86.936780
   33.400000   -87.394440
   33.450000   -87.853080
   33.500000   -88.312700
   33.550000   -88.773300
   33.600000   -89.234880
   33.650000   -89.697440
   33.700000   -90.160980
   33.750000   -90.625500
   33.800000   -91.091000
   33.850000   -91.557480
   33.900000   -92.024940
   33.950000   -92.493380
   34.000000   -92.962800
   34.050000   -93.433200
   34.100000   -93.904580
   34.150000   -94.376940
   34.200000   -94.850280
   34.250000   -95.324600
   34.300000   -95.799900
   34.350000   -96.276180
   34.400000   -96.753440
   34.450000   -97.231680
   34.500000   -97.710900
   34.550000   -98.191100
   34.600000   -98.672280
   34.650000   -99.154440
   34.700000   -99.637580
   34.750000  -100.121700
   34.800000  -100.606800
   34.850000  -101.092880
   34.900000  -101.579940
   34.950000  -102.067980
   35.000000  -102.557000
   35.050000  -103.047000
   35.100000  -103.537980
   35.150000  -104.029940
   35.200000  -104.522880
   35.250000  -105.016800
   35.300000  -105.511700
   35.350000  -106.007580
   35.400000  -106.504440
   35.450000  -107.002280
   35.500000  -107.501100
   35.550000  -108.000900
   35.600000  -108.501680
   35.650000  -109.003440
   35.700000  -109.506180
   35.750000  -110.009900
   35.800000  -110.514600
   35.850000  -111.020280
   35.900000  -111.526940
   35.950000  -112.034580
   36.000000  -112.543200
   36.050000  -113.052800
   36.100000  -113.563380
   36.150000  -114.074940
   36.200000  -114.587480
   36.250000  -115.101000
   36.300000  -115.615500
   36.350000  -116.130980
   36.400000  -116.647440
   36.450000  -117.164880
   36.500000  -117.683300
   36.550000  -118.202700
   36.600000  -118.723080
   36.650000  -119.244440
   36.700000  -119.766780
   36.750000  -120.290100
   36.800000  -120.814400
   36.850000  -121.339680
   36.900000  -121.865940
   36.950000  -122.393180
   37.000000  -122.921400
   37.050000  -123.450600
   37.100000  -123.980780
   37.150000  -124.511940
   37.200000  -125.044080
   37.250000  -125.577200
   37.300000  -126.111300
   37.350000  -126.646380
   37.400000  -127.182440
   37.450000  -127.719480
   37.500000  -128.257500
   37.550000  -128.796500
   37.600000  -129.336480
   37.650000  -129.877440
   37.700000  -130.419380
   37.750000  -130.962300
   37.800000  -131.506200
   37.850000  -132.051080
   37.900000  -132.596940
   37.950000  -133.143780
   38.000000  -133.691600
   38.050000  -134.240400
   38.100000  -134.790180
   38.150000  -135.340940
   38.200000  -135.892680
   38.250000  -136.445400
   38.300000  -136.999100
   38.350000  -137.553780
   38.400000  -138.109440
   38.450000  -138.666080
   38.500000  -139.223700
   38.550000  -139.782300
   38.600000  -140.341880
   38.650000  -140.902440
   38.700000  -141.463980
   38.750000  -142.026500
   38.800000  -142.590000
   38.850000  -143.154480
   38.900000  -143.719940
   38.950000  -144.286380
   39.000000  -144.853800
   39.050000  -145.422200
   39.100000  -145.991580
   39.150000  -146.561940
   39.200000  -147.133280
   39.250000  -147.705600
   39.300000  -148.278900
   39.350000  -148.853180
   39.400000  -149.428440
   39.450000  -150.004680
   39.500000  -150.581900
   39.550000  -151.160100
   39.600000  -151.739280
   39.650000  -152.319440
   39.700000  -152.900580
   39.750000  -153.482700
   39.800000  -154.065800
   39.850000  -154.649880
   39.900000  -155.234940
   39.950000  -155.820980
   40.000000  -156.408000
   40.050000  -156.996000
   40.100000  -157.584980
   40.150000  -158.174940
   40.200000  -158.765880
   40.250000  -159.357800
   40.300000  -159.950700
   40.350000  -160.544580
   40.400000  -161.139440
   40.450000  -161.735280
   40.500000  -162.332100
   40.550000  -162.929900
   40.600000  -163.528680
   40.650000  -164.128440
   40.700000  -164.729180
   40.750000  -165.330900
   40.800000  -165.933600
   40.850000  -166.537280
   40.900000  -167.141940
   40.950000  -167.747580
   41.000000  -168.354200
   41.050000  -168.961800
   41.100000  -169.570380
   41.150000  -170.179940
   41.200000  -170.790480
   41.250000  -171.402000
   41.300000  -172.014500
   41.350000  -172.627980
   41.400000  -173.242440
   41.450000  -173.857880
   41.500000  -174.474300
   41.550000  -175.091700
   41.600000  -175.710080
   41.650000  -176.329440
   41.700000  -176.949780
   41.750000  -177.571100
   41.800000  -178.193400
   41.850000  -178.816680
   41.900000  -179.440940
   41.950000  -180.066180
   42.000000  -180.692400
   42.050000  -181.319600
   42.100000  -181.947780
   42.150000  -182.576940
   42.200000  -183.207080
   42.250000  -183.838200
   42.300000  -184.470300
   42.350000  -185.103380
   42.400000  -185.737440
   42.450000  -186.372480
   42.500000  -187.008500
   42.550000  -187.645500
   42.600000  -188.283480
   42.650000  -188.922440
   42.700000  -189.562380
   42.750000  -190.203300
   42.800000  -190.845200
   42.850000  -191.488080
   42.900000  -192.131940
   42.950000  -192.776780
   43.000000  -193.422600
   43.050000  -194.069400
   43.100000  -194.717180
   43.150000  -195.365940
   43.200000  -196.015680
   43.250000  -196.666400
   43.300000  -197.318100
   43.350000  -197.970780
   43.400000  -198.624440
   43.450000  -199.279080
   43.500000  -199.934700
   43.550000  -200.591300
   43.600000  -201.248880
   43.650000  -201.907440
   43.700000  -202.566980
   43.750000  -203.227500
   43.800000  -203.889000
   43.850000  -204.551480
   43.900000  -205.214940
   43.950000  -205.879380
   44.000000  -206.544800
   44.050000  -207.211200
   44.100000  -207.878580
   44.150000  -208.546940
   44.200000  -209.216280
   44.250000  -209.886600
   44.300000  -210.557900
   44.350000  -211.230180
   44.400000  -211.903440
   44.450000  -212.577680
   44.500000  -213.252900
   44.550000  -213.929100
   44.600000  -214.606280
   44.650000  -215.284440
   44.700000  -215.963580
   44.750000  -216.643700
   44.800000  -217.324800
   44.850000  -218.006880
   44.900000  -218.689940
   44.950000  -219.373980
   45.000000  -220.059000
   45.050000  -220.745000
   45.100000  -221.431980
   45.150000  -222.119940
   45.200000  -222.808880
   45.250000  -223.498800
   45.300000  -224.189700
   45.350000  -224.881580
   45.400000  -225.574440
   45.450000  -226.268280
   45.500000  -226.963100
   45.550000  -227.658900
   45.600000  -228.355680
   45.650000  -229.053440
   45.700000  -229.752180
   45.750000  -230.451900
   45.800000  -231.152600
   45.850000  -231.854280
   45.900000  -232.556940
   45.950000  -233.260580
   46.000000  -233.965200
   46.050000  -234.670800
   46.100000  -235.377380
   46.150000  -236.084940
   46.200000  -236.793480
   46.250000  -237.503000
   46.300000  -238.213500
   46.350000  -238.924980
   46.400000  -239.637440
   46.450000  -240.350880
   46.500000  -241.065300
   46.550000  -241.780700
   46.600000  -242.497080
   46.650000  -243.214440
   46.700000  -243.932780
   46.750000  -244.652100
   46.800000  -245.372400
   46.850000  -246.093680
   46.900000  -246.815940
   46.950000  -247.539180
   47.000000  -248.263400
   47.050000  -248.988600
   47.100000  -249.714780
   47.150000  -250.441940
   47.200000  -251.170080
   47.250000  -251.899200
   47.300000  -252.629300
   47.350000  -253.360380
   47.400000  -254.092440
   47.450000  -254.825480
   47.500000  -255.559500
   47.550000  -256.294500
   47.600000  -257.030480
   47.650000  -257.767440
   47.700000  -258.505380
   47.750000  -259.244300
   47.800000  -259.984200
   47.850000  -260.725080
   47.900000  -261.466940
   47.950000  -262.209780
   48.000000  -262.953600
   48.050000  -263.698400
   48.100000  -264.444180
   48.150000  -265.190940
   48.200000  -265.938680
   48.250000  -266.687400
   48.300000  -267.437100
   48.350000  -268.187780
   48.400000  -268.939440
   48.450000  -269.692080
   48.500000  -270.445700
   48.550000  -271.200300
   48.600000  -271.955880
   48.650000  -272.712440
   48.700000  -273.469980
   48.750000  -274.228500
   48.800000  -274.988000
   48.850000  -275.748480
   48.900000  -276.509940
   48.950000  -277.272380
   49.000000  -278.035800
   49.050000  -278.800200
   49.100000  -279.565580
   49.150000  -280.331940
   49.200000  -281.099280
   49.250000  -281.867600
   49.300000  -282.636900
   49.350000  -283.407180
   49.400000  -284.178440
   49.450000  -284.950680
   49.500000  -285.723900
   49.550000  -286.498100
   49.600000  -287.273280
   49.650000  -288.049440
   49.700000  -288.826580
   49.750000  -289.604700
   49.800000  -290.383800
   49.850000  -291.163880
   49.900000  -291.944940
   49.950000  -292.726980
   50.000000  -293.510000